             ----------------------------------------------------------------------------------------------------------------------------------------
             | sizeof(element): 64                                                                                                                  |
             ----------------------------------------------------------------------------------------------------------------------------------------
             | insert, erase, insert    | ins, erase, ins, destroy | range for                | for_each                 | sort                     |
             ----------------------------------------------------------------------------------------------------------------------------------------
             | container size           | container size           | container size           | container size           | container size           |
-----------------------------------------------------------------------------------------------------------------------------------------------------
| erase rate | 1.E3 1.E4 1.E5 1.E6 1.E7 | 1.E3 1.E4 1.E5 1.E6 1.E7 | 1.E3 1.E4 1.E5 1.E6 1.E7 | 1.E3 1.E4 1.E5 1.E6 1.E7 | 1.E3 1.E4 1.E5 1.E6 1.E7 |
-----------------------------------------------------------------------------------------------------------------------------------------------------
| 0          | 1.07 0.89 1.34 1.09 ---- | 1.04 1.24 1.46 1.16 ---- | 0.72 0.70 0.70 0.72 ---- | 1.37 1.41 1.35 1.03 ---- | 1.03 1.09 1.05 1.03 ---- |
| 0.1        | 1.05 1.22 1.43 1.08 ---- | 1.05 1.25 1.46 1.12 ---- | 0.72 0.67 0.64 0.65 ---- | 1.39 1.38 1.35 0.81 ---- | 0.98 1.08 1.02 0.96 ---- |
| 0.2        | 1.07 1.25 1.44 1.11 ---- | 1.07 1.25 1.45 1.14 ---- | 0.56 0.73 0.58 0.39 ---- | 1.39 1.44 1.36 0.75 ---- | 1.02 1.08 1.03 0.93 ---- |
| 0.3        | 1.08 1.26 1.45 1.21 ---- | 1.07 1.26 1.46 1.21 ---- | 0.61 0.84 0.66 0.74 ---- | 1.37 1.43 1.32 0.76 ---- | 1.00 1.10 1.03 0.92 ---- |
| 0.4        | 1.08 1.29 1.48 1.27 ---- | 1.08 1.30 1.49 1.30 ---- | 0.71 0.58 0.63 0.73 ---- | 1.38 1.35 1.22 0.74 ---- | 0.99 1.12 1.04 0.91 ---- |
| 0.5        | 1.10 1.30 1.51 1.31 ---- | 1.10 1.33 1.52 1.34 ---- | 0.72 0.72 0.64 0.71 ---- | 1.31 1.45 1.05 0.79 ---- | 0.98 1.16 1.05 0.91 ---- |
| 0.6        | 1.11 1.34 1.53 1.35 ---- | 1.10 1.36 1.56 1.33 ---- | 0.72 0.72 0.64 0.61 ---- | 1.35 1.41 0.98 0.72 ---- | 0.99 1.50 1.07 0.88 ---- |
| 0.7        | 1.12 1.36 1.55 1.34 ---- | 1.11 1.37 1.58 1.34 ---- | 0.68 0.72 0.63 0.53 ---- | 1.24 1.41 0.97 0.75 ---- | 0.97 1.61 1.07 0.85 ---- |
| 0.8        | 1.14 1.37 1.57 1.36 ---- | 1.13 1.38 1.59 1.35 ---- | 0.66 0.72 0.65 0.54 ---- | 1.15 1.35 0.96 1.07 ---- | 0.92 1.50 1.10 0.99 ---- |
| 0.9        | 1.15 1.36 1.58 1.41 ---- | 1.14 1.37 1.59 1.34 ---- | 0.69 0.69 0.65 0.49 ---- | 0.91 1.24 1.05 0.75 ---- | 0.78 1.36 1.20 1.07 ---- |
-----------------------------------------------------------------------------------------------------------------------------------------------------