             ----------------------------------------------------------------------------------------------------------------------------------------
             | sizeof(element): 80                                                                                                                  |
             ----------------------------------------------------------------------------------------------------------------------------------------
             | insert, erase, insert    | ins, erase, ins, destroy | range for                | for_each                 | sort                     |
             ----------------------------------------------------------------------------------------------------------------------------------------
             | container size           | container size           | container size           | container size           | container size           |
-----------------------------------------------------------------------------------------------------------------------------------------------------
| erase rate | 1.E3 1.E4 1.E5 1.E6 1.E7 | 1.E3 1.E4 1.E5 1.E6 1.E7 | 1.E3 1.E4 1.E5 1.E6 1.E7 | 1.E3 1.E4 1.E5 1.E6 1.E7 | 1.E3 1.E4 1.E5 1.E6 1.E7 |
-----------------------------------------------------------------------------------------------------------------------------------------------------
| 0          | 1.04 1.62 1.10 1.12 ---- | 1.03 1.23 1.52 1.36 ---- | 0.66 0.63 0.63 0.56 ---- | 1.15 1.15 1.09 0.65 ---- | 1.05 1.06 1.06 1.07 ---- |
| 0.1        | 1.06 1.23 1.48 1.22 ---- | 1.03 1.24 1.50 1.27 ---- | 0.67 0.63 0.59 0.58 ---- | 1.20 1.15 1.09 0.77 ---- | 1.04 1.04 1.05 0.99 ---- |
| 0.2        | 1.08 1.24 1.50 1.28 ---- | 1.07 1.25 1.52 1.29 ---- | 0.68 0.64 0.58 0.60 ---- | 1.19 1.06 1.09 0.77 ---- | 1.03 1.04 1.05 0.95 ---- |
| 0.3        | 1.08 1.26 1.52 1.33 ---- | 1.08 1.28 1.55 1.35 ---- | 0.68 0.66 0.58 0.60 ---- | 1.25 1.14 1.00 0.70 ---- | 1.01 1.05 1.07 0.94 ---- |
| 0.4        | 1.09 1.33 1.56 1.39 ---- | 1.09 1.32 1.58 1.43 ---- | 0.70 0.65 0.58 0.64 ---- | 1.20 1.05 0.87 0.73 ---- | 1.01 1.06 1.07 0.95 ---- |
| 0.5        | 1.11 1.37 1.61 1.45 ---- | 1.12 1.35 1.59 1.49 ---- | 0.69 0.65 0.58 0.61 ---- | 1.16 1.18 0.81 0.67 ---- | 1.01 1.05 1.07 0.94 ---- |
| 0.6        | 1.12 1.40 1.63 1.49 ---- | 1.11 1.38 1.63 1.55 ---- | 0.70 0.65 0.57 0.51 ---- | 1.18 1.23 0.82 0.65 ---- | 1.00 1.35 1.10 0.91 ---- |
| 0.7        | 1.13 1.41 1.66 1.47 ---- | 1.13 1.42 1.66 1.56 ---- | 0.64 0.65 0.59 0.58 ---- | 1.08 1.19 0.85 0.76 ---- | 0.97 1.31 1.11 0.89 ---- |
| 0.8        | 1.15 1.40 1.78 1.49 ---- | 1.14 1.40 1.66 1.57 ---- | 0.60 0.64 0.67 0.55 ---- | 1.04 1.15 0.90 0.95 ---- | 0.91 1.15 1.16 1.10 ---- |
| 0.9        | 1.17 1.39 1.66 1.53 ---- | 1.15 1.39 1.66 1.57 ---- | 0.63 0.66 0.68 0.54 ---- | 0.83 1.09 0.99 0.73 ---- | 0.80 1.32 1.26 1.19 ---- |
-----------------------------------------------------------------------------------------------------------------------------------------------------