             ----------------------------------------------------------------------------------------------------------------------------------------
             | sizeof(element): 16                                                                                                                  |
             ----------------------------------------------------------------------------------------------------------------------------------------
             | insert, erase, insert    | ins, erase, ins, destroy | range for                | for_each                 | sort                     |
             ----------------------------------------------------------------------------------------------------------------------------------------
             | container size           | container size           | container size           | container size           | container size           |
-----------------------------------------------------------------------------------------------------------------------------------------------------
| erase rate | 1.E3 1.E4 1.E5 1.E6 1.E7 | 1.E3 1.E4 1.E5 1.E6 1.E7 | 1.E3 1.E4 1.E5 1.E6 1.E7 | 1.E3 1.E4 1.E5 1.E6 1.E7 | 1.E3 1.E4 1.E5 1.E6 1.E7 |
-----------------------------------------------------------------------------------------------------------------------------------------------------
| 0          | 1.02 1.25 1.07 1.08 1.18 | 1.06 1.06 1.11 1.09 1.21 | 0.70 0.70 0.70 0.70 0.70 | 1.33 1.43 1.43 1.44 1.34 | 1.11 1.06 1.05 1.16 2.09 |
| 0.1        | 1.04 1.06 1.09 1.05 1.22 | 1.07 1.05 1.09 1.14 1.26 | 0.69 0.67 0.66 0.66 0.66 | 1.33 1.46 1.42 1.26 1.10 | 1.05 1.05 1.02 1.11 1.98 |
| 0.2        | 1.05 1.07 1.11 1.19 1.17 | 1.09 1.10 1.10 1.19 1.15 | 0.69 0.69 0.64 0.63 0.64 | 1.33 1.44 1.41 1.21 1.05 | 1.03 1.05 1.03 1.12 1.91 |
| 0.3        | 1.07 1.09 1.16 1.22 1.18 | 1.09 1.09 1.17 1.24 1.19 | 0.69 0.68 0.64 0.63 0.64 | 1.34 1.45 1.41 1.17 1.00 | 1.03 1.05 1.03 1.08 1.88 |
| 0.4        | 1.07 1.08 1.38 1.33 1.34 | 1.10 1.16 1.29 1.34 1.52 | 0.68 0.70 0.62 0.62 0.61 | 1.28 1.44 1.42 1.13 0.95 | 1.01 1.07 1.03 1.07 1.82 |
| 0.5        | 1.09 1.14 1.25 1.11 1.39 | 1.12 1.14 0.25 2.33 1.36 | 0.67 0.70 0.65 0.61 0.60 | 1.27 1.43 1.39 1.08 0.89 | 1.02 1.11 1.03 1.06 1.73 |
| 0.6        | 1.10 1.16 1.28 1.29 1.48 | 1.16 1.16 1.26 1.39 1.38 | 0.66 0.70 0.64 0.59 0.64 | 1.23 1.41 1.37 1.00 0.82 | 1.01 1.64 1.03 1.04 1.63 |
| 0.7        | 1.12 1.17 1.32 1.23 1.36 | 1.16 1.20 1.31 1.36 1.43 | 0.65 0.69 0.62 0.56 0.64 | 1.17 1.37 1.33 0.95 0.84 | 0.97 1.36 1.03 1.07 1.52 |
| 0.8        | 1.14 1.18 1.29 1.52 1.35 | 1.15 1.51 1.35 1.43 1.39 | 0.64 0.71 0.69 0.53 0.66 | 1.05 1.31 1.20 0.84 0.71 | 0.93 1.23 1.03 1.01 1.38 |
| 0.9        | 1.18 1.18 1.35 1.40 1.46 | 1.16 1.18 1.36 1.40 1.54 | 0.63 0.67 0.67 0.47 0.57 | 0.88 1.18 1.13 0.73 0.68 | 0.80 1.00 1.00 0.99 1.19 |
-----------------------------------------------------------------------------------------------------------------------------------------------------