             ----------------------------------------------------------------------------------------------------------------------------------------
             | sizeof(element): 32                                                                                                                  |
             ----------------------------------------------------------------------------------------------------------------------------------------
             | insert, erase, insert    | ins, erase, ins, destroy | range for                | for_each                 | sort                     |
             ----------------------------------------------------------------------------------------------------------------------------------------
             | container size           | container size           | container size           | container size           | container size           |
-----------------------------------------------------------------------------------------------------------------------------------------------------
| erase rate | 1.E3 1.E4 1.E5 1.E6 1.E7 | 1.E3 1.E4 1.E5 1.E6 1.E7 | 1.E3 1.E4 1.E5 1.E6 1.E7 | 1.E3 1.E4 1.E5 1.E6 1.E7 | 1.E3 1.E4 1.E5 1.E6 1.E7 |
-----------------------------------------------------------------------------------------------------------------------------------------------------
| 0          | 0.98 1.16 1.11 1.06 1.19 | 1.03 1.04 1.08 1.07 1.21 | 0.81 0.82 0.82 0.75 0.80 | 1.39 1.44 1.43 1.35 1.31 | 1.04 1.04 1.03 1.16 1.92 |
| 0.1        | 1.01 1.03 1.07 1.08 1.21 | 1.03 1.04 1.08 1.08 1.21 | 0.83 0.75 0.71 0.69 0.76 | 1.40 1.47 1.43 1.05 0.96 | 1.00 1.01 1.01 1.10 1.86 |
| 0.2        | 1.03 1.04 1.08 1.14 1.24 | 1.02 1.06 1.11 1.15 1.23 | 0.86 0.71 0.73 0.69 0.73 | 1.43 1.46 1.40 0.97 0.86 | 0.99 1.01 1.01 1.08 1.76 |
| 0.3        | 1.04 1.06 1.12 1.21 1.30 | 1.05 1.08 1.15 1.20 1.27 | 0.77 0.78 0.70 0.70 0.74 | 1.40 1.45 1.39 0.90 0.82 | 1.00 1.02 1.02 1.07 1.72 |
| 0.4        | 1.05 1.07 1.17 1.26 1.36 | 1.08 1.10 1.18 1.26 1.34 | 0.84 0.77 0.71 0.72 0.79 | 1.37 1.41 1.38 0.90 0.81 | 1.00 1.03 1.01 1.06 1.64 |
| 0.5        | 1.07 1.10 1.21 1.32 1.39 | 1.08 1.13 1.23 1.29 1.40 | 0.83 0.84 0.69 0.73 0.81 | 1.37 1.44 1.36 0.90 0.89 | 0.99 1.05 1.01 1.02 1.57 |
| 0.6        | 1.08 1.12 1.26 1.34 1.42 | 1.10 1.14 1.26 1.33 1.44 | 0.82 0.81 0.69 0.74 0.83 | 1.32 1.41 1.30 0.93 0.85 | 0.98 1.47 1.01 1.00 1.50 |
| 0.7        | 1.09 1.14 1.29 1.46 1.48 | 1.12 1.16 1.31 1.36 1.46 | 0.81 0.80 0.71 0.72 0.76 | 1.30 1.40 1.13 0.85 0.78 | 0.94 1.11 1.01 1.00 1.42 |
| 0.8        | 1.11 1.15 1.31 1.40 1.49 | 1.12 1.16 1.32 1.37 1.49 | 0.75 0.85 0.72 0.66 0.65 | 1.10 1.39 1.01 0.89 0.75 | 0.89 1.02 1.01 0.98 1.30 |
| 0.9        | 1.12 1.15 1.34 1.40 1.53 | 1.13 1.18 1.34 1.37 1.53 | 0.70 0.75 0.74 0.48 0.53 | 0.90 1.20 1.07 0.72 0.67 | 0.76 1.00 1.00 0.97 1.14 |
-----------------------------------------------------------------------------------------------------------------------------------------------------