             ----------------------------------------------------------------------------------------------------------------------------------------
             | sizeof(element): 32                                                                                                                  |
             ----------------------------------------------------------------------------------------------------------------------------------------
             | insert, erase, insert    | ins, erase, ins, destroy | range for                | for_each                 | sort                     |
             ----------------------------------------------------------------------------------------------------------------------------------------
             | container size           | container size           | container size           | container size           | container size           |
-----------------------------------------------------------------------------------------------------------------------------------------------------
| erase rate | 1.E3 1.E4 1.E5 1.E6 1.E7 | 1.E3 1.E4 1.E5 1.E6 1.E7 | 1.E3 1.E4 1.E5 1.E6 1.E7 | 1.E3 1.E4 1.E5 1.E6 1.E7 | 1.E3 1.E4 1.E5 1.E6 1.E7 |
-----------------------------------------------------------------------------------------------------------------------------------------------------
| 0          | 1.03 1.00 1.27 1.19 1.17 | 1.26 1.18 1.25 1.25 1.24 | 1.05 1.04 1.04 1.02 0.98 | 1.62 1.61 1.61 1.37 1.22 | 1.10 1.01 1.01 1.31 1.64 |
| 0.1        | 1.05 1.02 1.20 1.27 1.31 | 1.26 1.18 1.28 1.37 1.34 | 1.07 1.04 1.03 0.99 0.99 | 1.53 1.47 1.45 1.25 1.16 | 1.06 1.01 1.01 1.14 1.59 |
| 0.2        | 1.10 1.04 1.26 1.46 1.39 | 1.26 1.20 1.34 1.40 1.48 | 1.05 1.03 1.02 1.00 0.97 | 1.54 1.44 1.41 1.15 1.12 | 1.08 1.01 1.01 1.07 1.59 |
| 0.3        | 1.08 1.07 1.31 1.59 1.64 | 1.27 1.23 1.39 1.48 1.63 | 1.04 1.02 1.01 0.98 0.96 | 1.55 1.41 1.38 1.08 1.10 | 1.07 1.02 1.00 1.06 1.54 |
| 0.4        | 1.12 1.16 1.36 1.49 1.71 | 1.27 1.28 1.44 1.64 1.70 | 1.04 1.00 1.00 0.99 0.94 | 1.61 1.44 1.34 1.22 1.01 | 1.07 1.02 1.01 0.99 1.51 |
| 0.5        | 1.11 1.30 1.43 1.58 1.76 | 1.29 1.44 1.50 1.75 1.63 | 1.03 0.98 0.97 0.84 0.95 | 1.61 1.44 1.30 1.10 1.00 | 1.07 1.03 1.01 0.96 1.48 |
| 0.6        | 1.24 1.40 1.49 1.60 1.79 | 1.29 1.52 1.57 1.75 1.78 | 1.09 0.97 0.94 1.01 0.89 | 1.60 1.47 1.26 1.07 0.98 | 1.08 1.02 1.01 0.95 1.48 |
| 0.7        | 1.14 1.43 1.53 1.59 1.77 | 1.30 1.56 1.62 1.67 1.75 | 1.13 0.99 0.89 0.94 0.96 | 1.54 1.48 1.18 0.96 0.96 | 1.05 1.05 1.00 0.98 1.47 |
| 0.8        | 1.18 1.40 1.55 1.57 1.75 | 1.33 1.53 1.65 1.64 1.73 | 1.09 1.12 0.85 0.83 1.00 | 1.44 1.49 1.19 1.17 0.96 | 1.00 1.28 1.00 0.91 1.39 |
| 0.9        | 1.21 1.37 1.56 1.51 1.73 | 1.32 1.48 1.66 1.63 1.73 | 0.98 1.19 0.95 0.80 0.98 | 1.15 1.43 1.26 1.01 0.97 | 0.94 1.42 1.00 0.94 1.19 |
-----------------------------------------------------------------------------------------------------------------------------------------------------