             ----------------------------------------------------------------------------------------------------------------------------------------
             | sizeof(element): 16                                                                                                                  |
             ----------------------------------------------------------------------------------------------------------------------------------------
             | insert, erase, insert    | ins, erase, ins, destroy | range for                | for_each                 | sort                     |
             ----------------------------------------------------------------------------------------------------------------------------------------
             | container size           | container size           | container size           | container size           | container size           |
-----------------------------------------------------------------------------------------------------------------------------------------------------
| erase rate | 1.E3 1.E4 1.E5 1.E6 1.E7 | 1.E3 1.E4 1.E5 1.E6 1.E7 | 1.E3 1.E4 1.E5 1.E6 1.E7 | 1.E3 1.E4 1.E5 1.E6 1.E7 | 1.E3 1.E4 1.E5 1.E6 1.E7 |
-----------------------------------------------------------------------------------------------------------------------------------------------------
| 0          | 1.08 1.24 1.29 1.30 1.13 | 1.16 1.19 1.35 1.36 1.24 | 1.03 1.04 1.03 1.03 1.03 | 1.59 1.52 1.45 1.60 1.50 | 0.95 1.02 0.93 0.97 1.13 |
| 0.1        | 1.12 1.12 1.30 1.51 1.30 | 1.22 1.20 1.38 1.46 1.37 | 1.04 1.04 1.03 1.03 1.02 | 1.51 1.49 1.47 1.44 1.38 | 0.96 0.97 0.98 0.96 0.97 |
| 0.2        | 1.16 1.17 1.36 1.55 1.37 | 1.23 1.24 1.45 1.55 1.48 | 1.01 1.03 1.02 1.03 1.00 | 1.52 1.40 1.39 1.43 1.32 | 0.96 0.05 5.52 1.03 0.96 |
| 0.3        | 1.19 1.24 1.46 1.63 1.49 | 1.26 1.32 1.51 1.62 1.62 | 1.02 1.02 1.01 1.01 0.99 | 1.50 1.43 1.39 1.38 1.26 | 0.96 0.97 0.96 0.97 0.97 |
| 0.4        | 1.05 1.43 1.54 1.72 1.59 | 1.31 1.44 1.58 1.54 1.67 | 1.01 1.00 0.99 0.99 0.95 | 1.50 1.38 1.33 1.34 1.17 | 0.98 0.96 0.95 0.95 0.96 |
| 0.5        | 1.28 1.54 1.64 1.68 1.69 | 1.34 1.58 1.68 1.63 1.78 | 1.03 0.98 0.96 0.96 0.93 | 1.59 1.47 1.33 1.24 1.07 | 0.96 0.97 0.96 0.95 0.96 |
| 0.6        | 1.33 1.72 1.75 1.93 1.70 | 1.38 1.77 1.75 1.72 1.80 | 1.04 0.97 0.94 0.97 0.90 | 1.51 1.50 1.28 1.26 1.04 | 0.66 0.99 0.96 0.96 0.96 |
| 0.7        | 1.39 1.87 1.78 1.70 1.59 | 1.40 2.01 1.85 1.88 1.82 | 1.04 0.97 0.91 0.91 0.90 | 1.44 1.51 1.26 1.15 1.00 | 0.95 1.00 0.96 0.96 0.96 |
| 0.8        | 1.47 1.69 1.98 1.83 1.63 | 1.44 1.69 1.88 1.91 1.87 | 1.04 1.05 0.87 0.88 0.89 | 1.40 1.51 1.31 1.06 0.89 | 0.92 1.10 0.96 0.93 0.95 |
| 0.9        | 1.46 1.68 1.86 1.94 1.70 | 1.46 1.72 1.75 2.31 1.79 | 0.86 0.87 1.15 0.82 1.00 | 1.05 1.33 1.19 1.02 0.89 | 0.81 1.22 0.97 0.96 0.93 |
-----------------------------------------------------------------------------------------------------------------------------------------------------