             ----------------------------------------------------------------------------------------------------------------------------------------
             | sizeof(element): 80                                                                                                                  |
             ----------------------------------------------------------------------------------------------------------------------------------------
             | insert, erase, insert    | ins, erase, ins, destroy | range for                | for_each                 | sort                     |
             ----------------------------------------------------------------------------------------------------------------------------------------
             | container size           | container size           | container size           | container size           | container size           |
-----------------------------------------------------------------------------------------------------------------------------------------------------
| erase rate | 1.E3 1.E4 1.E5 1.E6 1.E7 | 1.E3 1.E4 1.E5 1.E6 1.E7 | 1.E3 1.E4 1.E5 1.E6 1.E7 | 1.E3 1.E4 1.E5 1.E6 1.E7 | 1.E3 1.E4 1.E5 1.E6 1.E7 |
-----------------------------------------------------------------------------------------------------------------------------------------------------
| 0          | 1.06 1.50 1.26 1.39 1.15 | 1.24 1.22 1.29 1.22 1.16 | 0.96 0.94 0.93 0.89 0.92 | 1.47 1.26 1.28 0.92 0.91 | 1.06 1.00 1.00 1.18 1.48 |
| 0.1        | 1.08 1.01 1.14 1.28 1.26 | 1.23 1.20 1.31 1.31 1.28 | 0.97 0.93 0.92 0.89 0.93 | 1.40 1.18 1.18 0.93 0.95 | 1.03 0.98 1.00 1.03 1.42 |
| 0.2        | 1.09 1.04 1.19 1.35 1.35 | 1.25 1.20 1.32 1.47 1.40 | 0.96 0.90 0.90 0.87 0.96 | 1.38 1.12 1.12 0.93 0.96 | 1.05 0.99 1.00 0.98 1.39 |
| 0.3        | 1.11 1.09 1.25 1.49 1.51 | 1.21 1.24 1.37 1.57 1.47 | 0.95 0.87 0.92 0.75 0.94 | 1.34 1.07 1.07 0.96 0.93 | 1.03 0.99 0.99 1.00 1.35 |
| 0.4        | 1.14 1.15 1.30 1.61 1.48 | 1.23 1.27 1.41 1.65 1.55 | 0.93 0.87 0.95 0.92 0.96 | 1.32 1.04 1.00 0.91 0.97 | 1.04 0.99 0.99 1.01 1.22 |
| 0.5        | 1.14 1.26 1.37 1.65 1.54 | 1.25 1.37 1.45 1.66 1.57 | 0.93 0.87 0.88 0.97 1.01 | 1.33 1.03 0.96 0.96 0.98 | 1.04 0.99 0.98 0.90 1.30 |
| 0.6        | 1.16 1.32 1.41 1.71 1.53 | 1.24 1.42 1.50 1.64 1.58 | 0.99 0.84 0.86 0.90 0.95 | 1.42 1.05 0.97 0.96 1.01 | 1.05 1.01 0.99 0.86 1.24 |
| 0.7        | 1.17 1.33 1.45 1.60 1.64 | 1.24 1.41 1.53 1.62 1.55 | 0.99 0.83 0.77 0.85 0.91 | 1.40 1.27 0.98 0.97 0.95 | 1.09 1.04 0.98 0.83 1.28 |
| 0.8        | 1.18 1.30 1.45 1.56 1.64 | 1.27 1.39 1.55 1.56 1.57 | 0.95 0.96 0.73 0.85 0.89 | 1.36 1.35 0.98 1.02 0.97 | 1.08 1.28 0.99 0.73 1.16 |
| 0.9        | 1.18 1.27 1.43 1.50 1.55 | 1.25 1.34 1.48 1.54 1.59 | 0.86 1.04 0.81 0.72 0.94 | 1.10 1.27 0.96 0.88 0.91 | 0.98 1.45 1.00 0.95 1.17 |
-----------------------------------------------------------------------------------------------------------------------------------------------------