             ----------------------------------------------------------------------------------------------------------------------------------------
             | sizeof(element): 64                                                                                                                  |
             ----------------------------------------------------------------------------------------------------------------------------------------
             | insert, erase, insert    | ins, erase, ins, destroy | range for                | for_each                 | sort                     |
             ----------------------------------------------------------------------------------------------------------------------------------------
             | container size           | container size           | container size           | container size           | container size           |
-----------------------------------------------------------------------------------------------------------------------------------------------------
| erase rate | 1.E3 1.E4 1.E5 1.E6 1.E7 | 1.E3 1.E4 1.E5 1.E6 1.E7 | 1.E3 1.E4 1.E5 1.E6 1.E7 | 1.E3 1.E4 1.E5 1.E6 1.E7 | 1.E3 1.E4 1.E5 1.E6 1.E7 |
-----------------------------------------------------------------------------------------------------------------------------------------------------
| 0          | 1.19 1.11 1.35 1.24 1.22 | 1.22 1.13 1.21 1.02 1.16 | 1.23 1.21 1.21 0.98 0.98 | 0.90 0.84 0.83 0.69 0.69 | 1.04 1.00 1.00 1.34 1.71 |
| 0.1        | 1.15 1.11 1.20 1.42 1.28 | 1.20 1.16 1.22 1.27 1.32 | 1.25 1.22 1.20 0.98 1.01 | 0.90 0.83 0.80 0.62 0.64 | 1.02 1.00 0.99 1.20 1.67 |
| 0.2        | 1.16 1.13 1.25 1.49 1.38 | 1.20 1.17 1.27 1.46 1.33 | 1.23 1.20 1.18 0.96 0.99 | 0.90 0.82 0.78 0.56 0.57 | 1.02 0.99 0.99 1.21 1.64 |
| 0.3        | 1.17 1.15 1.30 1.60 1.51 | 1.22 1.18 1.33 1.57 1.51 | 1.23 1.19 1.17 0.95 0.99 | 0.89 0.76 0.72 0.47 0.49 | 1.05 1.00 0.99 1.12 1.58 |
| 0.4        | 1.17 1.16 1.36 1.70 1.59 | 1.22 1.20 1.38 1.62 1.50 | 1.21 1.17 1.16 0.96 0.98 | 0.84 0.69 0.63 0.38 0.41 | 1.02 1.01 0.98 1.14 1.57 |
| 0.5        | 1.21 1.28 1.43 1.74 1.61 | 1.26 1.31 1.44 1.66 1.55 | 1.20 1.14 1.13 0.98 1.04 | 0.77 0.59 0.51 0.30 0.32 | 1.02 1.03 0.98 1.09 1.51 |
| 0.6        | 1.21 1.40 1.48 1.73 1.67 | 1.25 1.42 1.48 1.66 1.53 | 1.28 1.16 1.15 0.99 1.03 | 0.73 0.52 0.43 0.24 0.25 | 1.04 1.03 0.99 1.02 1.48 |
| 0.7        | 1.21 1.43 1.51 1.72 1.58 | 1.26 1.44 1.50 1.64 1.55 | 1.24 1.17 1.18 0.95 1.00 | 0.99 0.59 0.38 0.26 0.21 | 1.07 1.07 0.99 1.01 1.46 |
| 0.8        | 1.25 1.42 1.54 1.68 1.63 | 1.25 1.43 1.54 1.63 1.58 | 1.21 1.20 1.22 1.35 0.99 | 0.99 0.66 0.37 0.37 0.19 | 1.04 1.26 0.98 0.90 1.38 |
| 0.9        | 1.24 1.38 1.52 1.61 1.64 | 1.29 1.39 1.53 1.59 1.54 | 1.04 1.30 1.44 1.02 1.01 | 0.98 0.87 0.47 0.48 0.25 | 0.95 1.46 1.00 0.93 1.26 |
-----------------------------------------------------------------------------------------------------------------------------------------------------