             ----------------------------------------------------------------------------------------------------------------------------------------
             | sizeof(element): 80                                                                                                                  |
             ----------------------------------------------------------------------------------------------------------------------------------------
             | insert, erase, insert    | ins, erase, ins, destroy | range for                | for_each                 | sort                     |
             ----------------------------------------------------------------------------------------------------------------------------------------
             | container size           | container size           | container size           | container size           | container size           |
-----------------------------------------------------------------------------------------------------------------------------------------------------
| erase rate | 1.E3 1.E4 1.E5 1.E6 1.E7 | 1.E3 1.E4 1.E5 1.E6 1.E7 | 1.E3 1.E4 1.E5 1.E6 1.E7 | 1.E3 1.E4 1.E5 1.E6 1.E7 | 1.E3 1.E4 1.E5 1.E6 1.E7 |
-----------------------------------------------------------------------------------------------------------------------------------------------------
| 0          | 2.04 1.56 1.49 1.53 1.39 | 1.67 1.43 1.43 1.38 1.37 | 0.55 0.54 0.53 0.76 0.79 | 1.11 1.07 1.07 0.89 0.90 | 1.00 1.01 1.01 0.71 0.82 |
| 0.1        | 2.08 1.59 1.61 1.71 1.34 | 1.72 1.46 1.47 1.49 1.38 | 0.57 0.55 0.54 0.77 0.80 | 1.12 1.03 0.99 0.88 0.88 | 0.99 1.00 1.00 0.68 0.77 |
| 0.2        | 2.11 1.63 1.57 1.69 1.37 | 1.75 1.49 1.49 1.54 1.40 | 0.58 0.56 0.54 0.76 0.80 | 1.14 1.03 0.98 0.87 0.89 | 0.99 1.01 0.98 0.65 0.76 |
| 0.3        | 2.12 1.66 1.67 1.65 1.37 | 1.78 1.52 1.57 1.56 1.41 | 0.57 0.57 0.54 0.78 0.79 | 1.14 1.03 0.94 0.87 0.88 | 0.99 1.01 1.03 0.64 0.75 |
| 0.4        | 2.15 1.70 1.77 1.71 1.46 | 1.82 1.56 1.54 1.62 1.43 | 0.58 0.60 0.55 0.74 0.80 | 1.16 0.99 0.90 0.83 0.86 | 0.99 1.01 1.05 0.63 0.74 |
| 0.5        | 2.20 1.75 1.74 1.74 1.51 | 1.86 1.59 1.66 1.64 1.48 | 0.60 0.65 0.59 0.63 0.65 | 1.18 1.01 0.92 0.83 0.77 | 0.98 1.02 1.06 0.60 0.72 |
| 0.6        | 2.22 1.79 1.75 1.77 1.55 | 1.90 1.64 1.65 1.64 1.44 | 0.62 0.62 0.61 0.55 0.57 | 1.22 1.04 0.96 0.69 0.73 | 0.98 1.05 1.06 0.58 0.72 |
| 0.7        | 2.25 1.83 1.91 1.76 1.63 | 1.93 1.67 1.72 1.68 1.51 | 0.61 0.56 0.54 0.43 0.46 | 1.11 1.14 0.88 0.64 0.68 | 0.98 1.36 1.10 0.58 0.70 |
| 0.8        | 2.27 1.84 1.84 1.78 1.63 | 1.96 1.68 1.74 1.68 1.54 | 0.62 0.60 0.50 0.44 0.43 | 1.09 1.09 0.81 0.82 0.65 | 0.94 1.10 1.02 1.01 0.68 |
| 0.9        | 2.29 1.88 1.82 1.77 1.59 | 1.98 1.71 1.78 1.68 1.56 | 0.61 0.67 0.55 0.49 0.44 | 1.00 1.14 0.80 0.75 0.63 | 0.91 0.94 1.10 1.01 0.65 |
-----------------------------------------------------------------------------------------------------------------------------------------------------