             ----------------------------------------------------------------------------------------------------------------------------------------
             | sizeof(element): 64                                                                                                                  |
             ----------------------------------------------------------------------------------------------------------------------------------------
             | insert, erase, insert    | ins, erase, ins, destroy | range for                | for_each                 | sort                     |
             ----------------------------------------------------------------------------------------------------------------------------------------
             | container size           | container size           | container size           | container size           | container size           |
-----------------------------------------------------------------------------------------------------------------------------------------------------
| erase rate | 1.E3 1.E4 1.E5 1.E6 1.E7 | 1.E3 1.E4 1.E5 1.E6 1.E7 | 1.E3 1.E4 1.E5 1.E6 1.E7 | 1.E3 1.E4 1.E5 1.E6 1.E7 | 1.E3 1.E4 1.E5 1.E6 1.E7 |
-----------------------------------------------------------------------------------------------------------------------------------------------------
| 0          | 1.59 1.35 1.34 1.31 1.41 | 1.45 1.30 1.32 1.29 1.25 | 0.56 0.55 0.54 0.73 0.77 | 1.07 1.13 1.14 0.85 0.89 | 0.93 0.98 1.03 0.89 1.08 |
| 0.1        | 1.68 1.39 1.38 1.31 1.27 | 1.51 1.33 1.35 1.34 1.41 | 0.58 0.55 0.54 0.77 0.81 | 1.02 1.03 1.03 0.81 0.89 | 0.95 0.99 1.04 0.70 0.93 |
| 0.2        | 1.73 1.42 1.39 1.41 1.31 | 1.57 1.36 1.38 1.38 1.50 | 0.57 0.55 0.54 0.77 0.81 | 1.03 1.00 0.99 0.83 0.86 | 0.95 0.98 0.96 0.82 0.99 |
| 0.3        | 1.76 1.46 1.47 1.45 1.28 | 1.59 1.40 1.36 1.44 1.46 | 0.57 0.56 0.56 0.80 0.82 | 1.04 1.00 0.98 0.81 0.88 | 0.96 0.99 0.99 0.68 0.91 |
| 0.4        | 1.80 1.51 1.59 1.48 1.46 | 1.63 1.42 1.49 1.45 1.45 | 0.56 0.56 0.54 0.77 0.80 | 1.08 1.00 1.02 0.78 0.85 | 0.95 1.00 0.99 0.69 0.90 |
| 0.5        | 1.84 1.54 1.63 1.45 1.63 | 1.69 1.48 1.54 1.53 1.55 | 0.57 0.58 0.69 0.74 0.80 | 1.10 1.01 0.98 0.75 0.86 | 0.95 1.00 0.99 0.63 0.88 |
| 0.6        | 1.88 1.63 1.63 1.60 1.40 | 1.73 1.53 1.63 1.55 1.54 | 0.60 0.57 0.70 0.62 0.69 | 1.14 1.01 0.92 0.69 0.77 | 0.95 1.03 0.97 0.65 0.89 |
| 0.7        | 1.95 1.65 1.65 1.64 1.52 | 1.76 1.56 1.64 1.55 1.66 | 0.64 0.57 0.63 0.50 0.56 | 1.12 1.08 0.83 0.61 0.68 | 0.94 1.42 0.99 0.64 0.90 |
| 0.8        | 1.97 1.65 1.70 1.64 1.68 | 1.80 1.55 1.72 1.59 1.48 | 0.64 0.60 0.55 0.35 0.48 | 1.09 1.16 0.89 0.57 0.60 | 0.90 1.17 1.00 0.94 0.78 |
| 0.9        | 1.97 1.67 1.69 1.61 1.52 | 1.82 1.59 1.65 1.60 1.60 | 0.62 0.66 0.54 0.42 0.46 | 0.98 1.21 0.88 0.60 0.62 | 0.80 0.91 0.99 1.05 0.79 |
-----------------------------------------------------------------------------------------------------------------------------------------------------