             ----------------------------------------------------------------------------------------------------------------------------------------
             | sizeof(element): 16                                                                                                                  |
             ----------------------------------------------------------------------------------------------------------------------------------------
             | insert, erase, insert    | ins, erase, ins, destroy | range for                | for_each                 | sort                     |
             ----------------------------------------------------------------------------------------------------------------------------------------
             | container size           | container size           | container size           | container size           | container size           |
-----------------------------------------------------------------------------------------------------------------------------------------------------
| erase rate | 1.E3 1.E4 1.E5 1.E6 1.E7 | 1.E3 1.E4 1.E5 1.E6 1.E7 | 1.E3 1.E4 1.E5 1.E6 1.E7 | 1.E3 1.E4 1.E5 1.E6 1.E7 | 1.E3 1.E4 1.E5 1.E6 1.E7 |
-----------------------------------------------------------------------------------------------------------------------------------------------------
| 0          | 1.14 1.15 1.17 0.99 1.19 | 1.18 1.18 1.20 0.97 1.30 | 0.57 0.57 0.57 0.57 0.58 | 0.99 1.07 1.07 1.07 1.03 | 1.03 1.04 1.03 1.04 2.10 |
| 0.1        | 1.12 1.19 1.19 1.03 1.28 | 1.17 1.21 1.22 1.07 1.30 | 0.57 0.57 0.57 0.57 0.59 | 0.96 0.99 0.98 0.98 0.95 | 0.98 1.02 1.01 1.01 2.03 |
| 0.2        | 1.19 1.21 1.24 1.12 1.35 | 1.24 1.22 1.26 1.10 1.36 | 0.57 0.57 0.57 0.57 0.57 | 0.95 0.97 0.96 0.96 0.93 | 0.98 1.02 1.01 1.08 2.03 |
| 0.3        | 1.21 1.23 1.28 1.22 1.40 | 1.25 1.25 1.30 1.16 1.56 | 0.56 0.56 0.57 0.56 0.57 | 0.98 0.96 0.95 0.95 0.90 | 0.98 1.03 1.01 1.01 1.86 |
| 0.4        | 1.25 1.22 1.08 1.18 1.62 | 1.27 1.28 1.35 1.19 1.58 | 0.56 0.56 0.56 0.56 0.57 | 1.01 0.99 0.93 0.93 0.88 | 0.98 1.03 1.01 1.01 1.86 |
| 0.5        | 1.26 1.30 1.38 1.27 1.66 | 1.29 1.34 1.39 1.22 1.63 | 0.57 0.55 0.56 0.55 0.59 | 1.01 1.02 0.92 0.90 0.87 | 0.96 1.07 1.00 0.98 1.70 |
| 0.6        | 1.26 1.40 1.42 1.23 1.64 | 1.32 1.41 1.42 1.33 1.65 | 0.58 0.55 0.54 0.54 0.64 | 1.02 1.06 0.91 0.87 0.84 | 0.95 1.15 1.00 1.11 1.76 |
| 0.7        | 1.34 1.37 1.45 1.34 1.76 | 1.34 1.37 1.47 1.43 1.69 | 0.63 0.57 0.53 0.52 0.69 | 1.04 1.09 0.94 0.83 0.83 | 0.92 1.90 0.99 1.10 1.87 |
| 0.8        | 1.37 1.36 1.49 1.31 1.67 | 1.37 1.36 1.50 1.44 1.78 | 0.65 0.63 0.53 0.51 0.70 | 1.05 1.12 1.06 0.78 0.81 | 0.89 1.24 0.99 0.99 1.36 |
| 0.9        | 1.39 1.41 1.51 1.37 1.71 | 1.39 1.42 1.52 1.29 1.76 | 0.62 0.70 0.79 0.57 0.53 | 0.95 1.18 1.00 0.85 0.70 | 0.77 0.89 0.99 0.99 1.17 |
-----------------------------------------------------------------------------------------------------------------------------------------------------