             ----------------------------------------------------------------------------------------------------------------------------------------
             | sizeof(element): 32                                                                                                                  |
             ----------------------------------------------------------------------------------------------------------------------------------------
             | insert, erase, insert    | ins, erase, ins, destroy | range for                | for_each                 | sort                     |
             ----------------------------------------------------------------------------------------------------------------------------------------
             | container size           | container size           | container size           | container size           | container size           |
-----------------------------------------------------------------------------------------------------------------------------------------------------
| erase rate | 1.E3 1.E4 1.E5 1.E6 1.E7 | 1.E3 1.E4 1.E5 1.E6 1.E7 | 1.E3 1.E4 1.E5 1.E6 1.E7 | 1.E3 1.E4 1.E5 1.E6 1.E7 | 1.E3 1.E4 1.E5 1.E6 1.E7 |
-----------------------------------------------------------------------------------------------------------------------------------------------------
| 0          | 1.18 1.17 1.18 1.14 1.18 | 1.19 1.65 1.18 0.82 1.15 | 0.56 0.54 0.54 0.57 0.61 | 1.02 1.07 1.07 1.01 0.93 | 1.01 1.03 1.02 1.30 1.99 |
| 0.1        | 1.22 1.19 1.21 1.19 1.30 | 1.23 1.68 1.20 0.85 1.26 | 0.57 0.54 0.54 0.58 0.63 | 0.99 0.99 0.97 0.91 0.90 | 0.96 1.02 1.01 1.07 1.83 |
| 0.2        | 1.25 1.21 1.24 1.29 1.37 | 1.26 1.21 1.24 0.92 1.33 | 0.57 0.54 0.53 0.59 0.64 | 0.98 0.97 0.96 0.95 0.89 | 0.96 1.01 1.01 1.24 1.89 |
| 0.3        | 1.28 1.24 1.29 1.40 1.38 | 1.28 1.23 1.29 1.08 1.39 | 0.57 0.53 0.53 0.60 0.69 | 1.00 0.96 0.94 0.93 0.89 | 0.97 1.02 1.01 1.40 1.84 |
| 0.4        | 1.31 1.64 1.34 1.24 1.56 | 1.30 1.22 1.33 1.20 1.51 | 0.58 0.53 0.52 0.62 0.69 | 1.03 0.99 0.93 0.87 0.88 | 0.97 1.03 1.00 1.30 1.64 |
| 0.5        | 1.35 1.63 1.40 1.27 1.63 | 1.34 1.24 1.38 1.27 1.60 | 0.58 0.53 0.52 0.64 0.71 | 1.04 1.02 0.91 0.91 0.85 | 0.96 1.04 1.00 1.03 1.54 |
| 0.6        | 1.38 1.72 1.45 1.32 1.66 | 1.37 1.34 1.43 1.24 1.62 | 0.59 0.52 0.51 0.66 0.79 | 1.06 1.06 0.90 0.89 0.87 | 0.95 1.11 0.99 1.12 1.67 |
| 0.7        | 1.41 1.81 1.49 1.32 1.69 | 1.40 1.36 1.47 1.30 1.65 | 0.62 0.55 0.51 0.72 0.73 | 1.06 1.10 1.01 0.85 0.84 | 0.94 1.79 0.99 1.00 1.50 |
| 0.8        | 1.45 1.81 1.52 1.28 1.70 | 1.43 1.39 1.50 1.28 1.66 | 0.63 0.60 0.53 0.48 0.58 | 1.05 1.13 0.87 0.80 0.72 | 0.91 1.28 1.01 0.99 1.22 |
| 0.9        | 1.47 1.84 1.55 1.35 1.70 | 1.44 1.42 1.52 1.27 1.67 | 0.62 0.67 0.54 0.41 0.45 | 0.97 1.20 0.79 0.74 0.61 | 0.76 0.90 0.99 0.95 1.14 |
-----------------------------------------------------------------------------------------------------------------------------------------------------