             ----------------------------------------------------------------------------------------------------------------------------------------
             | sizeof(element): 80                                                                                                                  |
             ----------------------------------------------------------------------------------------------------------------------------------------
             | insert, erase, insert    | ins, erase, ins, destroy | range for                | for_each                 | sort                     |
             ----------------------------------------------------------------------------------------------------------------------------------------
             | container size           | container size           | container size           | container size           | container size           |
-----------------------------------------------------------------------------------------------------------------------------------------------------
| erase rate | 1.E3 1.E4 1.E5 1.E6 1.E7 | 1.E3 1.E4 1.E5 1.E6 1.E7 | 1.E3 1.E4 1.E5 1.E6 1.E7 | 1.E3 1.E4 1.E5 1.E6 1.E7 | 1.E3 1.E4 1.E5 1.E6 1.E7 |
-----------------------------------------------------------------------------------------------------------------------------------------------------
| 0          | 1.06 1.07 1.07 1.04 1.20 | 1.04 1.08 1.08 1.05 1.22 | 0.75 0.73 0.73 0.87 0.97 | 1.32 1.39 1.33 1.00 1.02 | 0.94 0.99 1.01 0.91 1.17 |
| 0.1        | 1.04 1.07 1.06 1.14 1.31 | 1.02 1.07 1.08 1.11 1.33 | 0.76 0.75 0.71 1.03 0.97 | 1.34 1.41 1.33 1.14 0.98 | 0.94 0.99 1.02 0.92 1.10 |
| 0.2        | 1.03 1.06 1.07 1.22 1.41 | 1.01 1.05 1.08 1.21 1.39 | 0.77 0.76 0.71 1.01 0.95 | 1.36 1.44 1.31 1.05 0.96 | 0.93 0.99 1.02 0.88 1.08 |
| 0.3        | 1.02 1.06 1.09 1.28 1.52 | 1.00 1.07 1.10 1.27 1.48 | 0.76 0.76 0.72 0.95 0.90 | 1.35 1.43 1.21 0.90 0.95 | 0.92 1.05 1.03 0.91 1.04 |
| 0.4        | 1.00 1.07 1.11 1.35 1.56 | 0.99 1.08 1.11 1.34 1.54 | 0.76 0.77 0.73 0.72 0.81 | 1.32 1.41 1.08 0.86 0.90 | 0.93 0.94 1.04 0.80 1.01 |
| 0.5        | 0.99 1.10 1.12 1.40 1.64 | 0.98 1.10 1.12 1.38 1.59 | 0.76 0.77 0.71 0.66 0.72 | 1.37 1.41 1.02 0.79 0.83 | 0.93 0.98 1.03 0.77 0.94 |
| 0.6        | 0.99 1.08 1.15 1.42 1.64 | 0.98 1.07 1.13 1.40 1.63 | 0.76 0.77 0.70 0.58 0.67 | 1.30 1.44 1.02 0.75 0.81 | 0.94 0.93 1.07 0.76 0.93 |
| 0.7        | 0.99 1.10 1.14 1.45 1.64 | 0.98 1.06 1.14 1.43 1.66 | 0.73 0.78 0.71 0.60 0.62 | 1.23 1.44 1.05 0.82 0.79 | 0.93 0.92 1.05 0.67 0.87 |
| 0.8        | 0.99 1.07 1.15 1.48 1.71 | 0.98 1.06 1.15 1.43 1.61 | 0.75 0.82 0.74 0.60 0.59 | 1.23 1.48 1.07 0.81 0.77 | 0.89 0.90 1.00 1.01 0.84 |
| 0.9        | 0.99 1.07 1.15 1.49 1.67 | 0.98 1.09 1.15 1.46 1.69 | 0.75 0.90 0.83 0.55 0.55 | 1.15 1.48 1.20 0.84 0.72 | 0.77 0.87 1.07 0.94 0.79 |
-----------------------------------------------------------------------------------------------------------------------------------------------------