             ----------------------------------------------------------------------------------------------------------------------------------------
             | sizeof(element): 32                                                                                                                  |
             ----------------------------------------------------------------------------------------------------------------------------------------
             | insert, erase, insert    | ins, erase, ins, destroy | range for                | for_each                 | sort                     |
             ----------------------------------------------------------------------------------------------------------------------------------------
             | container size           | container size           | container size           | container size           | container size           |
-----------------------------------------------------------------------------------------------------------------------------------------------------
| erase rate | 1.E3 1.E4 1.E5 1.E6 1.E7 | 1.E3 1.E4 1.E5 1.E6 1.E7 | 1.E3 1.E4 1.E5 1.E6 1.E7 | 1.E3 1.E4 1.E5 1.E6 1.E7 | 1.E3 1.E4 1.E5 1.E6 1.E7 |
-----------------------------------------------------------------------------------------------------------------------------------------------------
| 0          | 0.99 1.05 1.04 1.01 1.04 | 0.98 1.04 1.05 1.01 1.02 | 0.62 0.60 0.60 0.63 0.68 | 1.33 1.32 1.30 1.15 1.03 | 0.99 0.99 0.99 1.06 1.69 |
| 0.1        | 0.98 1.04 1.05 1.09 1.20 | 0.97 1.04 1.05 1.06 1.17 | 0.58 0.56 0.55 0.61 0.64 | 1.25 1.18 1.16 1.02 0.98 | 0.97 0.99 0.99 0.93 1.59 |
| 0.2        | 0.98 1.04 1.07 1.18 1.32 | 0.96 1.03 1.05 1.13 1.26 | 0.58 0.55 0.54 0.61 0.68 | 1.28 1.17 1.13 1.01 0.96 | 0.98 0.99 0.99 1.03 1.61 |
| 0.3        | 0.97 1.05 1.09 1.25 1.42 | 0.95 1.03 1.07 1.22 1.36 | 0.59 0.54 0.55 0.63 0.70 | 1.31 1.17 1.12 0.89 0.93 | 0.98 0.99 0.99 0.93 1.55 |
| 0.4        | 0.96 1.39 1.11 1.33 1.49 | 0.94 1.10 1.10 1.30 1.44 | 0.61 0.54 0.54 0.66 0.71 | 1.32 1.18 1.09 0.87 0.90 | 0.98 0.99 0.99 0.89 1.49 |
| 0.5        | 0.96 1.44 1.13 1.37 1.58 | 0.94 1.14 1.11 1.33 1.52 | 0.62 0.56 0.54 0.66 0.72 | 1.37 1.25 1.08 0.98 0.87 | 0.97 1.01 0.98 0.83 1.40 |
| 0.6        | 0.96 1.46 1.15 1.38 1.64 | 0.94 1.13 1.13 1.34 1.58 | 0.71 0.58 0.54 0.68 0.73 | 1.42 1.38 1.09 0.80 0.87 | 0.97 1.01 0.98 0.89 1.40 |
| 0.7        | 0.96 1.43 1.16 1.49 1.69 | 0.93 1.12 1.14 1.38 1.63 | 0.71 0.66 0.60 0.63 0.79 | 1.36 1.43 1.05 0.88 0.85 | 0.95 1.52 0.98 0.71 1.30 |
| 0.8        | 0.97 1.40 1.17 1.42 1.71 | 0.94 1.11 1.15 1.39 1.65 | 0.72 0.77 0.74 0.56 0.59 | 1.31 1.43 0.97 0.85 0.73 | 0.92 1.19 0.98 0.94 1.14 |
| 0.9        | 0.98 1.10 1.18 1.44 1.72 | 0.94 1.09 1.15 1.41 1.69 | 0.70 0.81 0.76 0.45 0.45 | 1.14 1.53 1.04 0.72 0.61 | 0.77 0.90 0.95 0.95 0.98 |
-----------------------------------------------------------------------------------------------------------------------------------------------------