             ----------------------------------------------------------------------------------------------------------------------------------------
             | sizeof(element): 16                                                                                                                  |
             ----------------------------------------------------------------------------------------------------------------------------------------
             | insert, erase, insert    | ins, erase, ins, destroy | range for                | for_each                 | sort                     |
             ----------------------------------------------------------------------------------------------------------------------------------------
             | container size           | container size           | container size           | container size           | container size           |
-----------------------------------------------------------------------------------------------------------------------------------------------------
| erase rate | 1.E3 1.E4 1.E5 1.E6 1.E7 | 1.E3 1.E4 1.E5 1.E6 1.E7 | 1.E3 1.E4 1.E5 1.E6 1.E7 | 1.E3 1.E4 1.E5 1.E6 1.E7 | 1.E3 1.E4 1.E5 1.E6 1.E7 |
-----------------------------------------------------------------------------------------------------------------------------------------------------
| 0          | 1.07 1.13 1.12 0.91 1.38 | 1.05 1.13 0.82 0.87 1.33 | 0.73 0.78 0.74 0.72 0.70 | 1.36 1.65 1.52 1.52 1.40 | 0.92 1.02 1.01 0.96 2.23 |
| 0.1        | 1.07 1.12 1.14 0.98 1.41 | 1.05 1.13 1.13 0.93 1.55 | 0.74 0.75 0.66 0.65 0.63 | 1.36 1.64 1.48 1.32 1.23 | 0.92 1.02 1.01 0.92 2.08 |
| 0.2        | 1.07 1.12 1.16 1.33 1.68 | 1.05 1.12 1.16 1.02 1.66 | 0.74 0.81 0.63 0.63 0.62 | 1.36 1.63 1.45 1.25 1.18 | 0.91 1.03 1.00 0.94 2.02 |
| 0.3        | 1.06 1.15 1.19 1.38 1.77 | 1.04 1.16 1.19 1.07 1.78 | 0.72 0.80 0.67 0.63 0.62 | 1.34 1.62 1.49 1.23 1.14 | 0.90 1.48 1.00 0.92 1.96 |
| 0.4        | 1.06 1.23 1.21 1.19 1.96 | 1.05 1.16 1.21 1.15 1.89 | 0.70 0.81 0.72 0.60 0.62 | 1.33 1.48 1.49 1.18 1.10 | 0.90 1.04 1.01 0.92 1.88 |
| 0.5        | 1.07 1.16 1.23 1.22 1.98 | 1.05 1.24 1.23 1.17 1.95 | 0.69 0.79 0.74 0.59 0.62 | 1.29 1.48 1.47 1.12 1.06 | 0.90 0.98 0.99 0.89 1.74 |
| 0.6        | 1.07 1.38 1.26 1.23 2.05 | 1.06 1.33 1.25 1.21 2.02 | 0.69 0.77 0.74 0.57 0.64 | 1.28 1.53 1.50 1.07 1.02 | 0.89 0.95 1.00 0.89 1.65 |
| 0.7        | 1.08 1.19 1.29 1.43 2.12 | 1.06 1.19 1.28 1.24 2.08 | 0.70 0.77 0.76 0.54 0.69 | 1.26 1.50 1.50 1.00 0.98 | 0.84 0.92 0.99 0.87 1.49 |
| 0.8        | 1.08 1.19 1.30 1.45 2.15 | 1.07 1.19 1.30 1.27 2.11 | 0.72 0.82 0.82 0.51 0.75 | 1.24 1.55 1.41 0.87 0.88 | 0.80 0.90 0.99 0.97 1.32 |
| 0.9        | 1.09 1.31 1.30 1.47 2.16 | 1.08 1.29 1.31 1.28 2.13 | 0.73 0.88 0.82 0.47 0.59 | 1.14 1.55 1.16 0.85 0.71 | 0.70 0.83 0.96 0.93 1.18 |
-----------------------------------------------------------------------------------------------------------------------------------------------------