             ----------------------------------------------------------------------------------------------------------------------------------------
             | sizeof(element): 64                                                                                                                  |
             ----------------------------------------------------------------------------------------------------------------------------------------
             | insert, erase, insert    | ins, erase, ins, destroy | range for                | for_each                 | sort                     |
             ----------------------------------------------------------------------------------------------------------------------------------------
             | container size           | container size           | container size           | container size           | container size           |
-----------------------------------------------------------------------------------------------------------------------------------------------------
| erase rate | 1.E3 1.E4 1.E5 1.E6 1.E7 | 1.E3 1.E4 1.E5 1.E6 1.E7 | 1.E3 1.E4 1.E5 1.E6 1.E7 | 1.E3 1.E4 1.E5 1.E6 1.E7 | 1.E3 1.E4 1.E5 1.E6 1.E7 |
-----------------------------------------------------------------------------------------------------------------------------------------------------
| 0          | 1.00 1.04 1.04 1.03 1.11 | 1.00 1.06 1.06 1.04 1.12 | 0.63 0.62 0.61 0.75 0.78 | 1.33 1.29 1.29 0.88 0.93 | 0.99 0.98 0.97 0.58 0.81 |
| 0.1        | 0.98 1.03 1.04 1.07 1.18 | 0.96 1.03 1.05 1.08 1.19 | 0.60 0.59 0.58 0.75 0.77 | 1.28 1.22 1.21 0.83 0.91 | 0.99 0.98 0.97 0.56 0.77 |
| 0.2        | 0.96 1.03 1.04 1.14 1.25 | 0.95 1.03 1.04 1.15 1.26 | 0.61 0.59 0.58 0.74 0.79 | 1.33 1.20 1.19 0.81 0.90 | 0.99 0.97 0.97 0.56 0.76 |
| 0.3        | 0.94 1.02 1.04 1.20 1.32 | 0.93 1.01 1.04 1.22 1.31 | 0.62 0.60 0.58 0.75 0.80 | 1.35 1.16 1.11 0.80 0.89 | 0.99 0.97 0.96 0.54 0.75 |
| 0.4        | 0.93 1.03 1.04 1.23 1.38 | 0.91 1.01 1.04 1.25 1.38 | 0.64 0.62 0.61 0.73 0.81 | 1.36 1.13 1.02 0.77 0.89 | 1.00 0.97 0.97 0.53 0.74 |
| 0.5        | 0.92 1.04 1.05 1.26 1.43 | 0.89 1.04 1.05 1.27 1.42 | 0.66 0.65 0.69 0.71 0.77 | 1.35 1.09 1.02 0.75 0.86 | 0.98 0.99 0.96 0.52 0.73 |
| 0.6        | 0.91 1.02 1.05 1.28 1.45 | 0.88 1.02 1.04 1.29 1.46 | 0.71 0.70 0.73 0.59 0.67 | 1.33 1.12 0.98 0.66 0.85 | 0.99 1.00 0.96 0.50 0.73 |
| 0.7        | 0.90 1.03 1.06 1.31 1.50 | 0.87 1.01 1.05 1.31 1.47 | 0.69 0.67 0.69 0.52 0.53 | 1.40 1.20 0.96 0.65 0.67 | 0.96 1.25 0.96 0.46 0.70 |
| 0.8        | 0.90 1.02 1.06 1.32 1.53 | 0.86 1.01 1.04 1.31 1.50 | 0.70 0.74 0.63 0.54 0.46 | 1.31 1.47 1.01 0.79 0.61 | 0.94 1.05 0.96 0.88 0.65 |
| 0.9        | 0.89 1.02 1.06 1.34 1.53 | 0.85 1.00 1.04 1.33 1.50 | 0.79 0.81 0.74 0.45 0.46 | 1.14 1.40 1.03 0.70 0.59 | 0.83 0.92 0.94 1.03 0.62 |
-----------------------------------------------------------------------------------------------------------------------------------------------------