             ----------------------------------------------------------------------------------------------------------------------------------------
             | sizeof(element): 80                                                                                                                  |
             ----------------------------------------------------------------------------------------------------------------------------------------
             | insert, erase, insert    | ins, erase, ins, destroy | range for                | for_each                 | sort                     |
             ----------------------------------------------------------------------------------------------------------------------------------------
             | container size           | container size           | container size           | container size           | container size           |
-----------------------------------------------------------------------------------------------------------------------------------------------------
| erase rate | 1.E3 1.E4 1.E5 1.E6 1.E7 | 1.E3 1.E4 1.E5 1.E6 1.E7 | 1.E3 1.E4 1.E5 1.E6 1.E7 | 1.E3 1.E4 1.E5 1.E6 1.E7 | 1.E3 1.E4 1.E5 1.E6 1.E7 |
-----------------------------------------------------------------------------------------------------------------------------------------------------
| 0          | 1.64 7.05 1.31 1.26 0.64 | 1.58 1.99 2.09 1.22 0.63 | 1.02 0.97 0.95 0.99 0.94 | 1.81 1.55 1.56 0.94 1.01 | 1.06 1.02 1.01 1.65 2.04 |
| 0.1        | 1.73 2.21 2.10 1.43 0.85 | 1.61 1.96 1.96 1.43 0.86 | 1.06 1.02 1.03 0.94 0.98 | 1.84 1.45 1.44 0.94 0.99 | 1.05 1.00 1.00 1.33 1.84 |
| 0.2        | 1.79 2.27 2.24 1.68 1.03 | 1.64 2.03 2.06 1.58 1.01 | 1.09 0.97 1.01 0.98 0.95 | 1.73 1.32 1.32 0.95 1.00 | 1.04 1.00 1.00 1.46 1.83 |
| 0.3        | 1.87 2.45 2.35 1.84 1.17 | 1.74 2.20 2.21 1.66 1.13 | 1.07 1.00 0.98 0.97 0.95 | 1.68 1.23 1.19 0.93 0.99 | 1.04 1.01 1.00 1.36 1.73 |
| 0.4        | 2.02 2.54 2.42 1.84 1.29 | 1.86 2.31 2.31 1.68 1.21 | 1.06 1.07 0.94 0.92 0.98 | 1.68 1.29 1.15 0.91 1.01 | 1.05 1.02 1.00 1.35 1.68 |
| 0.5        | 2.09 2.69 2.52 1.89 1.44 | 1.93 2.49 2.43 1.80 1.31 | 1.13 1.05 1.01 0.97 1.00 | 1.71 1.53 1.28 1.06 1.17 | 1.05 1.02 1.01 1.24 1.61 |
| 0.6        | 2.20 2.92 2.76 1.96 1.49 | 2.04 2.63 2.60 1.79 1.35 | 1.26 1.17 1.08 0.99 1.06 | 1.83 1.88 1.45 1.22 1.28 | 1.06 1.08 1.01 1.09 1.56 |
| 0.7        | 2.28 3.05 2.98 1.98 1.54 | 2.14 2.72 2.71 1.82 1.43 | 1.31 1.09 1.02 1.02 1.03 | 1.78 1.76 1.46 1.41 1.27 | 1.04 1.67 1.01 0.98 1.42 |
| 0.8        | 2.38 2.95 3.13 2.05 1.52 | 2.22 2.65 2.89 1.84 1.46 | 1.38 1.41 1.02 1.43 1.06 | 1.82 1.81 1.40 1.71 1.28 | 0.98 1.24 1.00 0.81 1.24 |
| 0.9        | 2.42 3.00 3.34 2.11 1.54 | 2.27 2.82 2.99 1.94 1.52 | 1.32 1.60 1.10 0.76 1.02 | 1.58 1.80 1.32 1.11 1.21 | 0.89 0.96 0.99 0.91 1.22 |
-----------------------------------------------------------------------------------------------------------------------------------------------------