             ----------------------------------------------------------------------------------------------------------------------------------------
             | sizeof(element): 16                                                                                                                  |
             ----------------------------------------------------------------------------------------------------------------------------------------
             | insert, erase, insert    | ins, erase, ins, destroy | range for                | for_each                 | sort                     |
             ----------------------------------------------------------------------------------------------------------------------------------------
             | container size           | container size           | container size           | container size           | container size           |
-----------------------------------------------------------------------------------------------------------------------------------------------------
| erase rate | 1.E3 1.E4 1.E5 1.E6 1.E7 | 1.E3 1.E4 1.E5 1.E6 1.E7 | 1.E3 1.E4 1.E5 1.E6 1.E7 | 1.E3 1.E4 1.E5 1.E6 1.E7 | 1.E3 1.E4 1.E5 1.E6 1.E7 |
-----------------------------------------------------------------------------------------------------------------------------------------------------
| 0          | 1.42 3.20 1.60 1.66 1.03 | 1.54 1.69 1.69 1.77 1.02 | 1.30 1.32 1.32 1.32 1.27 | 2.00 2.13 2.13 2.13 1.80 | 1.04 1.03 1.01 1.01 1.01 |
| 0.1        | 1.42 1.62 1.56 1.87 1.25 | 1.56 1.71 1.67 1.77 1.29 | 1.31 1.32 1.32 1.32 1.26 | 1.85 1.80 1.76 1.76 1.57 | 1.03 1.01 1.00 0.99 0.98 |
| 0.2        | 1.47 1.67 1.73 2.29 1.52 | 1.59 1.75 1.81 2.26 1.46 | 1.31 1.30 1.30 1.30 1.23 | 1.81 1.76 1.73 1.73 1.49 | 1.03 1.01 1.00 1.00 0.98 |
| 0.3        | 1.63 1.81 1.91 2.47 1.73 | 1.73 1.91 1.98 2.55 1.65 | 1.28 1.29 1.28 1.28 1.19 | 1.92 1.74 1.69 1.69 1.38 | 1.03 1.02 1.00 1.00 0.97 |
| 0.4        | 1.75 1.96 2.09 2.32 1.93 | 1.88 2.04 2.13 2.48 1.84 | 1.25 1.26 1.25 1.25 1.13 | 2.11 1.83 1.65 1.64 1.27 | 1.04 1.02 1.00 1.00 0.97 |
| 0.5        | 1.88 2.15 2.22 2.51 2.11 | 1.96 2.18 2.28 2.67 2.00 | 1.28 1.24 1.23 1.22 1.06 | 2.09 1.94 1.62 1.59 1.17 | 1.00 1.04 1.00 0.99 0.96 |
| 0.6        | 1.99 2.35 2.43 2.85 2.25 | 2.10 2.62 2.47 2.84 2.17 | 1.32 1.19 1.17 1.17 0.99 | 2.11 2.17 1.62 1.51 1.07 | 0.98 1.09 0.99 0.99 0.95 |
| 0.7        | 2.12 2.49 2.65 2.83 2.32 | 2.18 2.53 2.66 3.10 2.27 | 1.59 1.27 1.11 1.10 0.99 | 2.24 2.36 1.74 1.41 1.04 | 0.99 1.57 0.99 0.98 0.94 |
| 0.8        | 2.27 2.84 2.81 2.89 2.31 | 2.32 2.77 2.89 3.03 2.33 | 1.67 1.54 1.07 0.99 1.01 | 2.25 2.37 1.39 1.28 1.00 | 0.94 1.13 0.97 0.97 0.94 |
| 0.9        | 2.31 2.44 2.90 3.17 2.45 | 2.36 2.53 2.92 3.15 2.38 | 1.44 1.76 1.14 0.95 1.09 | 1.79 2.17 1.34 1.24 1.25 | 0.84 0.92 0.98 0.95 0.90 |
-----------------------------------------------------------------------------------------------------------------------------------------------------