             ----------------------------------------------------------------------------------------------------------------------------------------
             | sizeof(element): 64                                                                                                                  |
             ----------------------------------------------------------------------------------------------------------------------------------------
             | insert, erase, insert    | ins, erase, ins, destroy | range for                | for_each                 | sort                     |
             ----------------------------------------------------------------------------------------------------------------------------------------
             | container size           | container size           | container size           | container size           | container size           |
-----------------------------------------------------------------------------------------------------------------------------------------------------
| erase rate | 1.E3 1.E4 1.E5 1.E6 1.E7 | 1.E3 1.E4 1.E5 1.E6 1.E7 | 1.E3 1.E4 1.E5 1.E6 1.E7 | 1.E3 1.E4 1.E5 1.E6 1.E7 | 1.E3 1.E4 1.E5 1.E6 1.E7 |
-----------------------------------------------------------------------------------------------------------------------------------------------------
| 0          | 1.74 5.96 1.27 1.18 0.71 | 1.79 1.70 1.74 1.13 0.65 | 1.36 1.34 1.33 1.05 1.06 | 2.02 1.98 1.73 1.19 1.02 | 1.04 1.01 1.00 1.45 2.07 |
| 0.1        | 1.87 1.96 1.87 1.34 0.92 | 1.86 1.73 1.75 1.34 0.85 | 1.37 1.33 1.33 1.04 1.03 | 1.90 1.68 1.56 1.05 1.00 | 1.03 1.00 1.00 1.32 1.91 |
| 0.2        | 1.87 2.04 1.99 1.57 1.16 | 1.87 1.81 1.83 1.51 1.08 | 1.38 1.30 1.29 1.03 1.01 | 1.87 1.57 1.38 1.09 0.99 | 1.00 1.00 0.99 1.31 1.90 |
| 0.3        | 1.94 2.23 2.19 1.68 1.30 | 1.93 1.96 2.00 1.57 1.23 | 1.35 1.28 1.22 1.04 1.01 | 2.01 1.40 1.23 1.09 0.98 | 0.99 1.00 0.99 1.33 1.81 |
| 0.4        | 2.28 2.34 2.30 1.82 1.41 | 2.10 2.10 2.12 1.67 1.32 | 1.30 1.22 1.07 0.99 1.03 | 1.96 1.27 1.08 0.98 0.96 | 1.02 1.01 0.99 1.26 1.77 |
| 0.5        | 2.35 2.28 2.40 1.82 1.50 | 2.19 2.18 2.25 1.77 1.41 | 1.39 1.12 1.03 0.99 1.06 | 1.97 1.32 1.05 0.99 1.03 | 1.03 1.04 0.99 1.22 1.70 |
| 0.6        | 2.47 2.59 2.62 1.87 1.58 | 2.28 2.42 2.36 1.79 1.45 | 1.41 1.21 1.06 1.09 1.09 | 2.03 1.67 1.11 1.18 1.16 | 1.02 1.10 0.99 1.00 1.62 |
| 0.7        | 2.58 2.69 2.79 1.91 1.67 | 2.36 2.41 2.51 1.84 1.52 | 1.61 1.29 1.06 1.13 1.15 | 2.32 2.00 1.20 1.52 1.27 | 1.02 1.82 0.99 0.91 1.55 |
| 0.8        | 2.65 2.66 2.95 2.00 1.77 | 2.43 2.54 2.65 1.84 1.61 | 1.77 1.62 1.07 1.43 1.09 | 2.30 2.35 1.25 1.41 1.26 | 1.01 1.20 0.98 0.85 1.36 |
| 0.9        | 2.68 2.95 3.03 2.00 1.81 | 2.36 2.58 2.66 1.85 1.68 | 1.44 1.89 1.23 0.92 1.12 | 1.78 2.46 1.55 1.08 1.36 | 0.82 0.96 0.98 0.94 1.21 |
-----------------------------------------------------------------------------------------------------------------------------------------------------