             ----------------------------------------------------------------------------------------------------------------------------------------
             | sizeof(element): 32                                                                                                                  |
             ----------------------------------------------------------------------------------------------------------------------------------------
             | insert, erase, insert    | ins, erase, ins, destroy | range for                | for_each                 | sort                     |
             ----------------------------------------------------------------------------------------------------------------------------------------
             | container size           | container size           | container size           | container size           | container size           |
-----------------------------------------------------------------------------------------------------------------------------------------------------
| erase rate | 1.E3 1.E4 1.E5 1.E6 1.E7 | 1.E3 1.E4 1.E5 1.E6 1.E7 | 1.E3 1.E4 1.E5 1.E6 1.E7 | 1.E3 1.E4 1.E5 1.E6 1.E7 | 1.E3 1.E4 1.E5 1.E6 1.E7 |
-----------------------------------------------------------------------------------------------------------------------------------------------------
| 0          | 1.56 1.46 1.34 1.28 0.91 | 2.22 2.36 1.92 0.74 0.88 | 1.35 1.36 1.36 1.20 1.13 | 2.08 2.09 2.10 1.51 1.33 | 1.07 1.01 1.01 1.69 2.35 |
| 0.1        | 2.19 2.21 1.71 1.56 1.11 | 2.19 2.29 1.77 1.05 1.06 | 1.36 1.36 1.35 1.19 1.09 | 2.09 1.87 1.79 1.35 1.22 | 1.06 1.01 1.00 1.65 2.26 |
| 0.2        | 2.17 1.76 1.89 1.77 1.44 | 2.18 1.81 1.91 1.24 1.30 | 1.37 1.34 1.33 1.12 1.10 | 2.11 1.87 1.75 1.28 1.15 | 1.06 1.01 1.01 1.54 2.21 |
| 0.3        | 2.36 1.88 2.05 1.90 1.58 | 2.34 1.96 2.06 1.52 1.49 | 1.32 1.32 1.31 1.02 1.05 | 2.09 1.86 1.74 1.16 1.11 | 1.06 1.01 1.01 1.77 2.16 |
| 0.4        | 2.53 2.36 2.15 2.20 1.67 | 2.46 2.07 2.19 1.58 1.62 | 1.29 1.29 1.28 1.05 1.05 | 2.13 2.02 1.75 1.28 1.10 | 1.06 1.01 1.00 1.32 2.03 |
| 0.5        | 2.61 2.26 2.31 2.41 1.75 | 2.52 2.07 2.33 1.79 1.74 | 1.34 1.24 1.24 1.05 1.02 | 2.14 2.06 1.79 1.10 1.07 | 1.05 1.05 1.00 1.43 1.94 |
| 0.6        | 2.19 2.45 2.52 2.47 1.84 | 2.19 2.38 2.52 1.81 1.87 | 1.47 1.21 1.18 1.13 0.98 | 2.21 2.02 1.68 1.20 1.01 | 1.05 1.12 1.00 1.27 1.91 |
| 0.7        | 2.30 2.43 2.76 2.30 2.02 | 2.27 2.64 2.74 1.97 1.84 | 1.69 1.32 1.11 0.97 1.02 | 2.21 1.89 1.45 1.11 1.06 | 1.04 1.82 1.00 1.17 1.89 |
| 0.8        | 2.43 2.81 2.90 2.09 2.01 | 2.47 2.68 2.87 2.08 2.01 | 1.57 1.64 1.13 0.94 1.14 | 2.20 2.03 1.25 1.06 1.31 | 1.01 1.22 0.99 1.19 1.84 |
| 0.9        | 2.44 2.89 3.02 2.32 2.11 | 2.52 2.80 3.03 1.83 2.00 | 1.43 1.83 1.27 0.84 1.09 | 1.78 2.10 1.25 1.06 1.35 | 0.88 0.95 0.98 0.99 1.64 |
-----------------------------------------------------------------------------------------------------------------------------------------------------