             ----------------------------------------------------------------------------------------------------------------------------------------
             | sizeof(element): 64                                                                                                                  |
             ----------------------------------------------------------------------------------------------------------------------------------------
             | insert, erase, insert    | ins, erase, ins, destroy | range for                | for_each                 | sort                     |
             ----------------------------------------------------------------------------------------------------------------------------------------
             | container size           | container size           | container size           | container size           | container size           |
-----------------------------------------------------------------------------------------------------------------------------------------------------
| erase rate | 1.E3 1.E4 1.E5 1.E6 1.E7 | 1.E3 1.E4 1.E5 1.E6 1.E7 | 1.E3 1.E4 1.E5 1.E6 1.E7 | 1.E3 1.E4 1.E5 1.E6 1.E7 | 1.E3 1.E4 1.E5 1.E6 1.E7 |
-----------------------------------------------------------------------------------------------------------------------------------------------------
| 0          | 1.29 1.49 1.17 1.63 1.17 | 1.36 1.30 1.47 1.23 1.26 | 1.80 1.94 1.94 1.55 1.08 | 2.57 2.86 2.48 1.32 1.34 | 1.16 0.88 1.01 1.87 2.47 |
| 0.1        | 1.44 1.43 1.37 1.87 1.27 | 1.49 1.22 1.15 1.63 1.51 | 1.52 1.42 1.49 1.24 1.01 | 2.84 2.75 2.06 1.23 1.26 | 1.22 0.84 1.29 1.97 2.61 |
| 0.2        | 1.38 1.54 1.50 1.73 1.43 | 1.48 1.65 1.21 1.65 1.37 | 1.53 1.50 1.32 1.03 1.15 | 2.95 2.89 2.04 1.18 1.16 | 1.17 0.62 0.83 2.04 3.11 |
| 0.3        | 1.55 1.61 1.76 1.92 1.63 | 1.55 0.50 2.03 1.77 1.42 | 1.51 1.45 1.26 1.02 1.22 | 2.98 2.75 1.94 1.16 1.15 | 1.13 0.93 0.81 1.86 2.53 |
| 0.4        | 1.84 1.21 1.63 1.74 1.53 | 1.63 0.88 1.62 1.74 1.66 | 1.65 1.48 1.23 0.94 1.06 | 2.97 2.78 2.25 1.16 1.06 | 1.12 0.62 1.02 1.73 2.42 |
| 0.5        | 1.73 1.95 1.86 1.77 1.37 | 1.76 0.65 1.52 1.53 1.47 | 2.09 1.60 1.12 1.15 1.02 | 3.17 2.63 2.46 0.87 0.81 | 1.20 0.90 1.01 1.47 2.17 |
| 0.6        | 1.49 1.89 1.36 2.00 1.62 | 1.43 1.27 1.80 1.78 1.64 | 2.60 1.54 1.09 0.88 1.02 | 3.29 2.81 2.30 0.90 0.88 | 1.15 0.71 1.06 1.40 2.06 |
| 0.7        | 1.80 1.91 2.30 1.44 1.58 | 1.89 1.10 1.39 1.35 1.43 | 2.32 2.20 1.20 1.10 0.80 | 3.20 2.53 2.09 1.03 1.12 | 1.14 0.61 1.00 1.17 1.90 |
| 0.8        | 1.61 2.25 1.53 2.44 1.52 | 1.93 1.29 1.87 1.54 1.47 | 2.43 2.10 1.91 0.93 0.88 | 2.96 2.61 2.28 1.09 1.17 | 1.03 1.02 1.00 1.13 1.81 |
| 0.9        | 1.75 1.94 1.86 1.33 1.25 | 1.82 1.05 1.58 1.40 1.42 | 1.76 3.29 1.73 0.96 0.92 | 1.92 4.32 2.18 0.94 1.18 | 0.84 0.89 1.00 0.96 1.55 |
-----------------------------------------------------------------------------------------------------------------------------------------------------