             ----------------------------------------------------------------------------------------------------------------------------------------
             | sizeof(element): 32                                                                                                                  |
             ----------------------------------------------------------------------------------------------------------------------------------------
             | insert, erase, insert    | ins, erase, ins, destroy | range for                | for_each                 | sort                     |
             ----------------------------------------------------------------------------------------------------------------------------------------
             | container size           | container size           | container size           | container size           | container size           |
-----------------------------------------------------------------------------------------------------------------------------------------------------
| erase rate | 1.E3 1.E4 1.E5 1.E6 1.E7 | 1.E3 1.E4 1.E5 1.E6 1.E7 | 1.E3 1.E4 1.E5 1.E6 1.E7 | 1.E3 1.E4 1.E5 1.E6 1.E7 | 1.E3 1.E4 1.E5 1.E6 1.E7 |
-----------------------------------------------------------------------------------------------------------------------------------------------------
| 0          | 1.29 1.30 1.27 1.22 1.14 | 1.37 1.56 1.24 1.25 1.19 | 1.80 1.91 1.91 1.77 1.66 | 2.55 2.91 2.90 2.59 2.50 | 1.09 0.73 0.99 2.32 2.83 |
| 0.1        | 1.32 1.44 1.28 1.60 1.41 | 1.45 1.72 1.32 1.49 1.37 | 1.48 1.44 1.43 1.35 1.37 | 2.12 2.29 2.33 2.16 2.01 | 1.06 1.28 1.02 1.82 2.84 |
| 0.2        | 1.36 1.67 1.38 1.58 1.51 | 1.45 1.70 1.46 1.66 1.54 | 1.49 1.50 1.40 1.32 1.33 | 2.32 1.99 2.31 1.88 1.89 | 1.05 0.92 1.04 1.63 2.73 |
| 0.3        | 1.42 1.83 1.50 1.72 1.65 | 1.50 1.87 1.46 1.66 1.60 | 1.75 1.44 1.40 1.29 1.29 | 2.67 2.34 2.25 1.74 1.51 | 1.04 0.99 1.07 1.65 2.73 |
| 0.4        | 1.44 2.02 1.59 1.71 1.61 | 1.52 1.91 1.56 1.70 1.58 | 1.73 1.39 1.37 1.28 1.23 | 2.78 2.36 2.25 1.63 1.58 | 1.02 1.08 0.98 1.51 2.72 |
| 0.5        | 1.51 2.24 1.57 1.75 1.58 | 1.56 1.42 1.50 1.81 1.51 | 2.16 1.63 1.35 1.26 1.20 | 3.03 2.85 2.29 1.33 1.20 | 1.05 0.98 0.85 1.28 2.25 |
| 0.6        | 1.44 2.12 1.66 1.75 1.60 | 1.60 1.96 1.58 1.65 1.49 | 2.28 1.76 1.34 1.12 1.07 | 3.05 2.72 2.52 1.14 1.16 | 1.02 0.99 1.02 1.79 2.35 |
| 0.7        | 1.48 2.09 1.71 1.80 1.53 | 1.64 2.15 1.69 1.54 1.51 | 2.28 2.38 1.43 0.92 0.96 | 3.31 2.78 2.38 1.06 1.11 | 0.96 0.82 0.90 1.54 1.85 |
| 0.8        | 1.59 2.16 1.78 1.55 1.49 | 1.68 1.40 1.65 1.49 1.51 | 2.30 2.10 1.80 0.87 0.84 | 2.97 2.27 2.30 0.79 1.00 | 0.96 1.12 1.31 1.10 2.02 |
| 0.9        | 1.62 2.03 1.72 1.50 1.49 | 1.68 1.95 1.70 1.42 1.46 | 1.84 3.39 2.13 1.17 1.00 | 1.83 4.26 2.27 1.27 1.22 | 0.79 0.73 0.92 1.07 1.93 |
-----------------------------------------------------------------------------------------------------------------------------------------------------