             ----------------------------------------------------------------------------------------------------------------------------------------
             | sizeof(element): 16                                                                                                                  |
             ----------------------------------------------------------------------------------------------------------------------------------------
             | insert, erase, insert    | ins, erase, ins, destroy | range for                | for_each                 | sort                     |
             ----------------------------------------------------------------------------------------------------------------------------------------
             | container size           | container size           | container size           | container size           | container size           |
-----------------------------------------------------------------------------------------------------------------------------------------------------
| erase rate | 1.E3 1.E4 1.E5 1.E6 1.E7 | 1.E3 1.E4 1.E5 1.E6 1.E7 | 1.E3 1.E4 1.E5 1.E6 1.E7 | 1.E3 1.E4 1.E5 1.E6 1.E7 | 1.E3 1.E4 1.E5 1.E6 1.E7 |
-----------------------------------------------------------------------------------------------------------------------------------------------------
| 0          | 1.04 1.06 1.09 1.35 1.16 | 1.50 1.66 1.24 1.23 1.15 | 1.78 1.93 1.85 1.79 1.78 | 2.18 2.35 2.36 2.21 2.35 | 1.02 1.38 1.02 0.99 1.08 |
| 0.1        | 1.20 1.30 1.35 1.33 1.22 | 1.40 1.72 1.21 1.42 1.26 | 1.47 1.43 1.38 1.44 1.41 | 2.22 2.32 2.31 2.03 2.24 | 0.99 1.88 0.99 1.01 0.91 |
| 0.2        | 1.13 1.90 1.31 1.56 1.21 | 1.41 1.51 1.36 1.40 1.35 | 1.46 1.43 1.38 1.42 1.39 | 2.17 2.36 2.27 2.21 2.27 | 0.96 0.54 1.01 1.07 0.95 |
| 0.3        | 1.34 1.67 1.37 1.47 1.48 | 1.36 1.89 1.45 1.46 1.43 | 1.66 1.43 1.38 1.42 1.31 | 2.54 2.31 2.26 2.13 2.11 | 0.97 0.64 0.96 0.99 0.96 |
| 0.4        | 1.40 1.47 1.76 1.62 1.22 | 1.39 2.33 1.63 1.66 1.49 | 1.82 1.43 1.35 1.35 1.31 | 2.53 2.35 2.21 2.14 2.17 | 0.91 0.77 0.93 0.93 0.92 |
| 0.5        | 1.28 1.59 1.79 1.80 1.93 | 1.48 1.95 1.45 1.61 1.45 | 2.11 1.61 1.31 1.32 1.31 | 3.19 2.57 2.15 1.98 2.04 | 1.02 0.81 1.07 0.98 0.96 |
| 0.6        | 1.38 2.13 1.60 1.73 1.29 | 1.56 2.21 1.53 1.78 1.54 | 2.24 1.73 1.33 1.20 1.26 | 3.13 2.86 2.36 1.75 1.69 | 0.97 1.15 0.84 0.99 0.90 |
| 0.7        | 1.40 2.25 1.71 1.80 1.56 | 1.50 2.14 1.68 1.70 1.55 | 2.26 2.68 1.43 1.10 1.15 | 2.92 3.76 2.49 1.80 1.52 | 0.89 0.87 0.78 1.01 0.96 |
| 0.8        | 1.51 2.02 1.65 1.70 1.84 | 1.57 1.93 1.86 1.66 1.36 | 2.34 2.97 1.91 0.93 1.01 | 2.67 3.66 2.86 1.27 1.01 | 0.86 0.98 1.02 0.98 0.92 |
| 0.9        | 1.71 1.94 1.74 1.73 1.65 | 1.62 1.96 1.79 1.47 1.57 | 1.62 3.54 1.97 0.83 0.87 | 1.95 4.20 2.09 0.94 0.85 | 0.74 1.81 0.98 0.97 0.89 |
-----------------------------------------------------------------------------------------------------------------------------------------------------