             ----------------------------------------------------------------------------------------------------------------------------------------
             | sizeof(element): 80                                                                                                                  |
             ----------------------------------------------------------------------------------------------------------------------------------------
             | insert, erase, insert    | ins, erase, ins, destroy | range for                | for_each                 | sort                     |
             ----------------------------------------------------------------------------------------------------------------------------------------
             | container size           | container size           | container size           | container size           | container size           |
-----------------------------------------------------------------------------------------------------------------------------------------------------
| erase rate | 1.E3 1.E4 1.E5 1.E6 1.E7 | 1.E3 1.E4 1.E5 1.E6 1.E7 | 1.E3 1.E4 1.E5 1.E6 1.E7 | 1.E3 1.E4 1.E5 1.E6 1.E7 | 1.E3 1.E4 1.E5 1.E6 1.E7 |
-----------------------------------------------------------------------------------------------------------------------------------------------------
| 0          | 1.54 1.43 1.29 1.61 1.07 | 1.38 0.92 1.44 1.17 1.22 | 1.54 1.83 1.20 1.18 0.88 | 2.52 2.47 1.84 1.07 1.33 | 1.12 0.80 0.94 2.07 2.40 |
| 0.1        | 1.58 1.68 1.27 1.56 1.50 | 1.58 1.17 1.30 1.25 0.83 | 1.33 1.54 1.01 1.02 1.18 | 2.68 2.58 1.81 0.95 1.01 | 0.98 1.31 1.01 2.11 2.90 |
| 0.2        | 1.86 1.88 1.68 1.77 1.45 | 1.56 1.22 1.53 1.09 1.25 | 1.41 1.32 1.15 1.02 0.98 | 2.67 2.78 1.75 0.96 0.78 | 1.16 0.89 0.79 1.76 2.60 |
| 0.3        | 1.68 1.93 1.67 1.40 1.94 | 1.64 0.99 1.62 1.71 1.13 | 1.40 1.41 1.19 1.11 0.86 | 2.93 2.42 1.73 1.03 1.13 | 1.05 0.90 0.94 2.00 2.72 |
| 0.4        | 1.79 2.21 1.73 1.87 1.30 | 1.74 0.91 1.73 1.35 1.49 | 1.63 1.49 1.51 0.98 0.88 | 2.63 2.51 1.74 0.93 1.01 | 1.25 0.85 0.98 1.97 2.57 |
| 0.5        | 2.22 1.96 2.20 1.70 1.64 | 1.61 1.74 1.79 1.59 1.20 | 1.91 1.60 1.30 0.94 1.12 | 3.24 2.39 1.63 1.08 0.91 | 1.10 0.55 0.88 1.71 2.21 |
| 0.6        | 1.92 2.03 1.76 1.90 1.42 | 1.62 1.80 1.60 1.32 1.33 | 2.00 1.55 1.25 0.82 0.93 | 3.06 2.17 1.79 0.97 1.13 | 0.97 1.00 0.99 1.47 1.97 |
| 0.7        | 1.88 2.16 1.91 1.61 1.47 | 1.78 0.62 2.74 1.37 1.70 | 2.31 1.67 1.84 0.91 1.20 | 2.71 2.46 2.12 1.13 1.33 | 1.12 1.22 0.91 1.40 2.09 |
| 0.8        | 1.90 2.38 2.07 1.74 1.10 | 1.86 0.99 1.21 1.59 1.71 | 1.92 2.24 1.62 1.05 1.31 | 2.72 2.68 2.83 1.13 1.24 | 0.99 0.65 0.73 1.19 1.58 |
| 0.9        | 2.61 2.04 1.34 1.60 1.44 | 1.60 1.56 1.46 1.37 1.40 | 1.56 2.42 2.19 0.86 1.57 | 2.03 3.16 2.57 1.10 1.10 | 0.87 0.25 0.70 0.95 1.88 |
-----------------------------------------------------------------------------------------------------------------------------------------------------