             ----------------------------------------------------------------------------------------------------------------------------------------
             | sizeof(element): 16                                                                                                                  |
             ----------------------------------------------------------------------------------------------------------------------------------------
             | insert, erase, insert    | ins, erase, ins, destroy | range for                | for_each                 | sort                     |
             ----------------------------------------------------------------------------------------------------------------------------------------
             | container size           | container size           | container size           | container size           | container size           |
-----------------------------------------------------------------------------------------------------------------------------------------------------
| erase rate | 1.E3 1.E4 1.E5 1.E6 1.E7 | 1.E3 1.E4 1.E5 1.E6 1.E7 | 1.E3 1.E4 1.E5 1.E6 1.E7 | 1.E3 1.E4 1.E5 1.E6 1.E7 | 1.E3 1.E4 1.E5 1.E6 1.E7 |
-----------------------------------------------------------------------------------------------------------------------------------------------------
| 0          | 1.16 2.52 1.31 1.48 0.93 | 1.16 1.22 1.30 1.38 0.90 | 1.03 1.03 1.03 1.03 1.01 | 1.93 2.00 1.95 1.94 1.53 | 0.96 0.99 1.00 0.99 1.00 |
| 0.1        | 1.19 1.29 1.36 1.61 1.26 | 1.16 1.25 1.35 1.51 1.25 | 1.05 1.03 1.04 1.02 1.01 | 1.90 1.92 1.70 1.67 1.37 | 0.97 0.99 0.99 0.99 0.99 |
| 0.2        | 1.21 1.31 1.45 1.87 1.44 | 1.18 1.25 1.44 2.01 1.35 | 1.05 1.02 1.02 1.02 0.99 | 1.91 1.77 1.65 1.64 1.28 | 0.96 1.01 1.01 0.98 0.99 |
| 0.3        | 1.23 1.34 1.53 1.77 1.56 | 1.21 1.30 1.52 1.83 1.50 | 1.03 1.02 1.01 1.01 0.99 | 1.90 1.88 1.64 1.59 1.22 | 0.96 0.99 1.00 0.98 1.00 |
| 0.4        | 1.26 1.49 1.61 1.82 1.67 | 1.22 1.40 1.60 2.06 1.63 | 1.01 1.00 0.99 0.99 0.96 | 1.94 2.10 1.64 1.56 1.14 | 0.98 0.99 1.01 0.98 0.99 |
| 0.5        | 1.31 1.67 1.69 1.84 1.75 | 1.27 1.57 1.67 2.10 1.70 | 1.13 0.99 0.97 0.97 0.94 | 2.02 1.98 1.70 1.52 1.05 | 0.90 1.01 1.00 0.98 0.99 |
| 0.6        | 1.38 1.83 1.79 2.05 1.87 | 1.29 1.81 1.77 2.17 1.79 | 1.25 0.99 0.96 0.96 0.93 | 2.03 2.03 1.83 1.48 0.99 | 0.92 1.00 1.00 0.97 0.98 |
| 0.7        | 1.37 1.86 1.91 1.90 1.91 | 1.30 1.75 1.90 2.08 1.84 | 1.36 1.13 0.95 0.94 0.89 | 1.90 2.06 1.91 1.40 0.96 | 0.95 1.28 0.99 0.97 0.97 |
| 0.8        | 1.39 1.88 2.03 2.16 1.99 | 1.33 1.85 2.05 2.40 1.85 | 1.43 1.54 1.04 0.90 0.90 | 1.69 1.99 1.58 1.28 0.97 | 0.88 1.01 0.98 0.95 0.97 |
| 0.9        | 1.64 1.87 2.20 2.29 2.02 | 1.53 1.68 2.23 2.60 1.95 | 1.36 1.66 1.16 0.78 0.88 | 1.41 1.73 1.29 1.06 0.91 | 0.86 0.88 0.98 0.91 0.97 |
-----------------------------------------------------------------------------------------------------------------------------------------------------