             ----------------------------------------------------------------------------------------------------------------------------------------
             | sizeof(element): 32                                                                                                                  |
             ----------------------------------------------------------------------------------------------------------------------------------------
             | insert, erase, insert    | ins, erase, ins, destroy | range for                | for_each                 | sort                     |
             ----------------------------------------------------------------------------------------------------------------------------------------
             | container size           | container size           | container size           | container size           | container size           |
-----------------------------------------------------------------------------------------------------------------------------------------------------
| erase rate | 1.E3 1.E4 1.E5 1.E6 1.E7 | 1.E3 1.E4 1.E5 1.E6 1.E7 | 1.E3 1.E4 1.E5 1.E6 1.E7 | 1.E3 1.E4 1.E5 1.E6 1.E7 | 1.E3 1.E4 1.E5 1.E6 1.E7 |
-----------------------------------------------------------------------------------------------------------------------------------------------------
| 0          | 0.99 1.20 1.15 1.08 0.77 | 0.99 1.03 1.07 0.49 0.70 | 1.06 1.03 1.03 1.03 0.99 | 1.85 1.94 1.95 1.48 1.16 | 1.05 1.01 0.98 1.37 2.04 |
| 0.1        | 1.03 1.06 1.15 1.20 1.08 | 0.99 1.05 1.14 0.80 1.01 | 1.09 1.06 1.03 1.02 0.96 | 1.76 1.71 1.73 1.34 1.07 | 1.04 1.01 0.98 1.27 1.93 |
| 0.2        | 1.03 1.06 1.22 1.31 1.21 | 0.99 1.07 1.21 0.92 1.18 | 1.09 1.04 1.02 1.00 0.95 | 1.72 1.75 1.68 1.26 1.00 | 1.04 1.00 0.99 1.23 1.87 |
| 0.3        | 1.02 1.07 1.28 1.52 1.36 | 0.98 1.07 1.28 1.00 1.29 | 1.07 1.05 1.03 0.98 0.94 | 1.82 1.69 1.67 1.20 0.97 | 1.04 1.00 0.98 1.18 1.80 |
| 0.4        | 1.03 1.10 1.33 1.57 1.46 | 0.99 1.10 1.32 0.98 1.38 | 1.05 1.03 1.02 0.97 0.92 | 1.91 1.78 1.63 1.15 0.94 | 1.04 1.00 0.98 1.15 1.78 |
| 0.5        | 1.03 1.12 1.38 1.47 1.51 | 1.00 1.11 1.37 1.04 1.43 | 1.23 1.04 1.01 0.95 0.92 | 1.93 1.84 1.50 1.13 0.96 | 1.03 1.03 0.99 1.05 1.69 |
| 0.6        | 1.04 1.38 1.43 1.55 1.57 | 1.01 1.35 1.43 1.06 1.48 | 1.24 1.07 1.01 0.94 0.91 | 2.03 1.86 1.21 1.01 0.90 | 1.02 1.08 0.99 1.04 1.74 |
| 0.7        | 1.02 1.38 1.50 1.53 1.62 | 1.01 1.36 1.50 1.16 1.52 | 1.48 1.14 1.00 0.90 0.91 | 1.87 1.79 1.06 0.89 0.92 | 1.00 1.75 0.98 1.12 1.62 |
| 0.8        | 1.03 1.45 1.57 1.24 1.63 | 1.01 1.43 1.56 1.16 1.58 | 1.43 1.49 1.03 0.84 0.93 | 1.86 1.94 1.16 1.25 0.98 | 0.96 1.14 0.98 0.97 1.61 |
| 0.9        | 1.03 1.33 1.63 1.31 1.71 | 1.01 1.30 1.61 1.18 1.60 | 1.36 1.62 1.15 0.80 0.84 | 1.62 2.14 1.33 1.18 0.94 | 0.82 0.97 0.95 0.97 1.25 |
-----------------------------------------------------------------------------------------------------------------------------------------------------