             ----------------------------------------------------------------------------------------------------------------------------------------
             | sizeof(element): 64                                                                                                                  |
             ----------------------------------------------------------------------------------------------------------------------------------------
             | insert, erase, insert    | ins, erase, ins, destroy | range for                | for_each                 | sort                     |
             ----------------------------------------------------------------------------------------------------------------------------------------
             | container size           | container size           | container size           | container size           | container size           |
-----------------------------------------------------------------------------------------------------------------------------------------------------
| erase rate | 1.E3 1.E4 1.E5 1.E6 1.E7 | 1.E3 1.E4 1.E5 1.E6 1.E7 | 1.E3 1.E4 1.E5 1.E6 1.E7 | 1.E3 1.E4 1.E5 1.E6 1.E7 | 1.E3 1.E4 1.E5 1.E6 1.E7 |
-----------------------------------------------------------------------------------------------------------------------------------------------------
| 0          | 1.11 3.39 1.15 1.11 0.60 | 1.12 1.13 1.20 1.11 0.56 | 1.07 1.05 1.03 0.96 0.96 | 1.95 1.78 1.85 1.02 0.98 | 1.02 1.01 1.01 1.60 1.92 |
| 0.1        | 1.16 1.17 1.25 1.25 0.85 | 1.09 1.15 1.24 1.24 0.79 | 1.13 1.09 1.08 0.99 0.94 | 2.08 1.69 1.71 0.99 0.99 | 1.02 1.00 1.02 1.54 1.83 |
| 0.2        | 1.17 1.17 1.29 1.33 1.00 | 1.09 1.14 1.30 1.34 0.90 | 1.16 1.09 1.08 0.97 0.95 | 1.98 1.64 1.62 0.96 0.95 | 1.03 1.01 1.01 1.24 1.72 |
| 0.3        | 1.17 1.19 1.34 1.43 1.10 | 1.09 1.16 1.34 1.40 1.02 | 1.16 1.07 1.07 0.98 0.93 | 1.93 1.51 1.45 0.96 0.96 | 1.01 1.01 1.00 1.17 1.63 |
| 0.4        | 1.19 1.22 1.38 1.45 1.17 | 1.09 1.18 1.37 1.47 1.12 | 1.15 1.05 1.04 0.97 0.94 | 1.91 1.44 1.28 0.91 0.96 | 1.03 1.00 1.01 1.10 1.60 |
| 0.5        | 1.20 1.25 1.42 1.48 1.23 | 1.09 1.20 1.41 1.44 1.19 | 1.30 1.03 1.01 0.99 0.96 | 1.92 1.49 1.20 0.93 0.99 | 1.02 1.01 1.01 1.04 1.54 |
| 0.6        | 1.21 1.35 1.47 1.56 1.24 | 1.10 1.29 1.45 1.51 1.26 | 1.35 1.07 0.99 0.95 0.95 | 1.93 1.69 1.30 0.98 1.04 | 1.03 1.08 1.00 1.04 1.53 |
| 0.7        | 1.23 1.40 1.52 1.58 1.32 | 1.11 1.36 1.50 1.52 1.21 | 1.39 1.22 0.96 0.90 0.91 | 1.91 1.86 1.33 1.01 1.07 | 0.98 1.69 1.01 0.86 1.41 |
| 0.8        | 1.23 1.46 1.54 1.60 1.34 | 1.15 1.37 1.53 1.51 1.25 | 1.47 1.52 0.98 0.79 0.95 | 1.90 2.00 1.47 1.09 1.03 | 0.96 1.14 0.99 0.81 1.31 |
| 0.9        | 1.24 1.38 1.59 1.71 1.39 | 1.17 1.33 1.55 1.55 1.30 | 1.51 1.72 1.19 0.78 0.87 | 1.38 1.91 1.40 1.09 0.93 | 0.79 0.92 0.97 0.94 1.13 |
-----------------------------------------------------------------------------------------------------------------------------------------------------