             ----------------------------------------------------------------------------------------------------------------------------------------
             | sizeof(element): 80                                                                                                                  |
             ----------------------------------------------------------------------------------------------------------------------------------------
             | insert, erase, insert    | ins, erase, ins, destroy | range for                | for_each                 | sort                     |
             ----------------------------------------------------------------------------------------------------------------------------------------
             | container size           | container size           | container size           | container size           | container size           |
-----------------------------------------------------------------------------------------------------------------------------------------------------
| erase rate | 1.E3 1.E4 1.E5 1.E6 1.E7 | 1.E3 1.E4 1.E5 1.E6 1.E7 | 1.E3 1.E4 1.E5 1.E6 1.E7 | 1.E3 1.E4 1.E5 1.E6 1.E7 | 1.E3 1.E4 1.E5 1.E6 1.E7 |
-----------------------------------------------------------------------------------------------------------------------------------------------------
| 0          | 1.06 3.72 1.12 1.04 0.53 | 1.04 1.06 1.12 1.05 0.51 | 1.05 1.01 0.99 0.94 0.91 | 2.09 1.60 1.60 0.94 0.93 | 1.02 1.00 1.00 1.48 1.80 |
| 0.1        | 1.07 1.09 1.18 1.15 0.76 | 1.03 1.07 1.19 1.13 0.72 | 1.10 1.03 1.02 0.92 0.93 | 1.90 1.50 1.50 0.95 0.95 | 1.02 0.99 1.00 1.28 1.65 |
| 0.2        | 1.08 1.10 1.21 1.32 0.86 | 1.05 1.07 1.22 1.22 0.81 | 1.11 1.01 1.00 0.91 0.94 | 1.78 1.35 1.35 0.93 0.94 | 1.02 0.99 1.00 1.28 1.61 |
| 0.3        | 1.07 1.13 1.28 1.37 0.98 | 1.04 1.10 1.26 1.33 0.91 | 1.09 1.00 0.98 0.90 0.94 | 1.73 1.23 1.21 0.90 0.95 | 1.02 1.00 0.99 1.16 1.52 |
| 0.4        | 1.09 1.16 1.32 1.39 1.06 | 1.04 1.13 1.31 1.33 0.98 | 1.07 0.98 0.96 0.92 0.96 | 1.72 1.19 1.13 0.93 0.96 | 1.02 0.98 1.00 1.16 1.49 |
| 0.5        | 1.11 1.23 1.37 1.42 1.11 | 1.05 1.18 1.35 1.37 1.03 | 1.20 0.98 0.95 0.96 0.95 | 1.72 1.43 1.23 0.97 1.00 | 0.99 1.01 0.99 1.06 1.43 |
| 0.6        | 1.13 1.29 1.44 1.46 1.16 | 1.05 1.26 1.44 1.42 1.04 | 1.26 1.04 0.98 0.92 0.94 | 1.92 1.76 1.38 1.01 1.01 | 1.02 1.03 0.99 0.99 1.41 |
| 0.7        | 1.16 1.41 1.47 1.45 1.18 | 1.07 1.36 1.44 1.43 1.09 | 1.26 1.10 0.91 0.93 0.93 | 1.84 1.80 1.37 1.21 1.00 | 0.96 1.59 0.98 0.95 1.36 |
| 0.8        | 1.17 1.39 1.51 1.48 1.20 | 1.09 1.32 1.47 1.53 1.12 | 1.40 1.44 0.92 1.06 0.91 | 1.71 1.90 1.33 1.35 0.95 | 0.98 1.11 0.97 0.88 1.26 |
| 0.9        | 1.19 1.36 1.54 1.50 1.25 | 1.12 1.31 1.49 1.47 1.14 | 1.27 1.60 1.06 0.77 0.83 | 1.45 1.77 1.22 1.09 0.92 | 0.83 0.91 0.94 1.31 1.15 |
-----------------------------------------------------------------------------------------------------------------------------------------------------